Rounds: 9
Nonlinearity: 0
Avalanche Weight: 1.0
Hidden Size: 512
Prefix: random_
Test Loss: 0.6775067448616028
Bit-Level Accuracy: 56.21%

prediction,predicted_bits,actual_bits
"[0.5250696539878845, 0.5133055448532104, 0.4638124108314514, 0.357016384601593, 0.49665993452072144, 0.5113852620124817, 0.5910636186599731, 0.5355131030082703, 0.37586939334869385, 0.6073316335678101, 0.633420467376709, 0.498430073261261, 0.5401350855827332, 0.4148613512516022, 0.5578076839447021, 0.43979769945144653, 0.5562233328819275, 0.4788026511669159, 0.5548228025436401, 0.43930765986442566, 0.5790661573410034, 0.588273823261261, 0.33243507146835327, 0.5595546960830688, 0.34428825974464417, 0.40827083587646484, 0.46963366866111755, 0.4842151999473572, 0.4228894114494324, 0.4873887598514557, 0.4385341703891754, 0.42255979776382446, 0.4460507929325104, 0.47066888213157654, 0.5076196193695068, 0.516032338142395, 0.47787466645240784, 0.379993736743927, 0.31763389706611633, 0.5346271991729736, 0.3793494701385498, 0.41203591227531433, 0.681415855884552, 0.5199024677276611, 0.5048413276672363, 0.6538127064704895, 0.3135140538215637, 0.4033343493938446, 0.4037736654281616, 0.5743941068649292, 0.5105869174003601, 0.5191287398338318, 0.19846168160438538, 0.49306735396385193, 0.4321415424346924, 0.5595192313194275, 0.4463213384151459, 0.4986215829849243, 0.6820608973503113, 0.4821881055831909, 0.4508141875267029, 0.5774784684181213, 0.4749145805835724, 0.5152484178543091]",1100011101101010101011010000000000110001001111000111000100100101,1000010100110010111110110110011000010101010111101101010110100011
"[0.4964105784893036, 0.5123115181922913, 0.47980931401252747, 0.5325195789337158, 0.5914281606674194, 0.8152632713317871, 0.5457848310470581, 0.471971720457077, 0.5912171006202698, 0.3721219003200531, 0.4608971178531647, 0.5154012441635132, 0.49904873967170715, 0.5354267358779907, 0.3770958185195923, 0.6221775412559509, 0.5137284994125366, 0.5494147539138794, 0.5874282121658325, 0.5981888771057129, 0.5433343052864075, 0.32234376668930054, 0.6947133541107178, 0.38541895151138306, 0.4836142957210541, 0.30854710936546326, 0.3068207800388336, 0.4668916165828705, 0.4697076082229614, 0.5328986644744873, 0.5821850895881653, 0.5383543968200684, 0.5654481053352356, 0.4531025290489197, 0.5907766819000244, 0.7898059487342834, 0.5778862833976746, 0.4778427183628082, 0.5690442323684692, 0.4364006221294403, 0.4593367576599121, 0.7074291110038757, 0.43750321865081787, 0.458646297454834, 0.49442335963249207, 0.5982061624526978, 0.6416646838188171, 0.4762839376926422, 0.5763928294181824, 0.5627122521400452, 0.4425222873687744, 0.3599804937839508, 0.4645974636077881, 0.573573887348175, 0.5126810073852539, 0.4860265254974365, 0.42774447798728943, 0.4473471939563751, 0.3754180669784546, 0.4854428172111511, 0.554361879825592, 0.4121161997318268, 0.4720408618450165, 0.4634958803653717]",0101111010010101111110100000011110111010010001101100011000001000,1111000101011101110011100001111100010010010111001010100111011110
"[0.5086452960968018, 0.4680929183959961, 0.4640467166900635, 0.502189576625824, 0.40070298314094543, 0.5242263674736023, 0.6306237578392029, 0.4939661920070648, 0.5509833693504333, 0.4335002601146698, 0.43923258781433105, 0.5322462916374207, 0.5302587747573853, 0.4905856251716614, 0.5012601613998413, 0.5124276280403137, 0.5007598400115967, 0.611831545829773, 0.525861918926239, 0.41552528738975525, 0.4643667936325073, 0.4542675018310547, 0.37905529141426086, 0.5393698811531067, 0.35273277759552, 0.4668786823749542, 0.5043264031410217, 0.5287003517150879, 0.4356207549571991, 0.47426822781562805, 0.5366383194923401, 0.46746546030044556, 0.4294293224811554, 0.4867219924926758, 0.5694385766983032, 0.4930587708950043, 0.5665608644485474, 0.37848150730133057, 0.3811454176902771, 0.4389784634113312, 0.48660534620285034, 0.4156964421272278, 0.5736377835273743, 0.5223295092582703, 0.5277795791625977, 0.5395812392234802, 0.4079522490501404, 0.4609535038471222, 0.44361814856529236, 0.5898845791816711, 0.5028576850891113, 0.48533254861831665, 0.4469643533229828, 0.514571487903595, 0.4812154769897461, 0.5386756658554077, 0.5252447724342346, 0.44028082489967346, 0.5453356504440308, 0.46847307682037354, 0.4732677936553955, 0.5069475769996643, 0.5295616388320923, 0.492584764957428]",1001011010011011111000010011001000101000001111000110010110100110,0111000101011011001011110101000000001111010101011001001110001011
"[0.5256409645080566, 0.4950401484966278, 0.5548596382141113, 0.5589588284492493, 0.41307589411735535, 0.39672356843948364, 0.5919818878173828, 0.5006508231163025, 0.6293683648109436, 0.4396696090698242, 0.35709795355796814, 0.5012751221656799, 0.46224603056907654, 0.5366005897521973, 0.4904760420322418, 0.5354987978935242, 0.43489307165145874, 0.5828883647918701, 0.48150429129600525, 0.4865594506263733, 0.3807319402694702, 0.4699769914150238, 0.3805411458015442, 0.5380391478538513, 0.3524496555328369, 0.47243431210517883, 0.5717657804489136, 0.635009229183197, 0.5175273418426514, 0.5210304260253906, 0.5271561741828918, 0.53641676902771, 0.5347042679786682, 0.5566297769546509, 0.5614311099052429, 0.4321913719177246, 0.4432161748409271, 0.46238821744918823, 0.45773568749427795, 0.4731041491031647, 0.5674524903297424, 0.4621049165725708, 0.431580513715744, 0.5588512420654297, 0.5169633030891418, 0.4152078330516815, 0.5327006578445435, 0.5060285329818726, 0.5533397793769836, 0.5245912671089172, 0.4777309000492096, 0.5669978857040405, 0.7521290183067322, 0.44516730308532715, 0.5685457587242126, 0.5335630178451538, 0.5007145404815674, 0.484459787607193, 0.5007730722427368, 0.46234193444252014, 0.5738076567649841, 0.4826878607273102, 0.5477533936500549, 0.5859511494636536]",1011001110010101010000010011111111100000100110111101101110101011,0000001010110100111000000111110001001011011101101001101110000100
"[0.4898580312728882, 0.6227501034736633, 0.37484776973724365, 0.41324853897094727, 0.5629733204841614, 0.6216995120048523, 0.609481930732727, 0.4016987085342407, 0.3225024938583374, 0.4904431998729706, 0.6653581261634827, 0.5798360109329224, 0.44075629115104675, 0.49795281887054443, 0.5216030478477478, 0.5343204140663147, 0.49011480808258057, 0.5216687917709351, 0.4628244638442993, 0.5745978355407715, 0.5897507667541504, 0.6186396479606628, 0.30182522535324097, 0.5338228940963745, 0.5621239542961121, 0.4506053924560547, 0.42010825872421265, 0.374198317527771, 0.4898986518383026, 0.4435611963272095, 0.5308282971382141, 0.469887375831604, 0.374693900346756, 0.437104731798172, 0.5151759386062622, 0.5017858147621155, 0.4308796525001526, 0.3738909661769867, 0.4351885914802551, 0.5017088651657104, 0.4618966281414032, 0.43301254510879517, 0.6894846558570862, 0.4777366816997528, 0.4706033766269684, 0.7324610352516174, 0.41716447472572327, 0.49608564376831055, 0.33440694212913513, 0.5500020980834961, 0.5116221904754639, 0.5380396842956543, 0.16247813403606415, 0.5399473905563354, 0.5526328682899475, 0.530371367931366, 0.6605993509292603, 0.6849194169044495, 0.5644993185997009, 0.5391457676887512, 0.45800265669822693, 0.5682994723320007, 0.42857906222343445, 0.47984248399734497]",0100111000110011010111011000001000110001001001000111011111110100,0101011100101110101010001101001010110011001010110101000010110110
"[0.42834213376045227, 0.46653783321380615, 0.3919282853603363, 0.5349939465522766, 0.3911688029766083, 0.5594111084938049, 0.3519376814365387, 0.5385469794273376, 0.48150894045829773, 0.5077587366104126, 0.4242401719093323, 0.5151963829994202, 0.5125322937965393, 0.5070413947105408, 0.45649412274360657, 0.5273308753967285, 0.5589768290519714, 0.52175372838974, 0.47898292541503906, 0.5284346342086792, 0.46468743681907654, 0.453884094953537, 0.6891644597053528, 0.3838597238063812, 0.6612280011177063, 0.6131842136383057, 0.5361477136611938, 0.42621487379074097, 0.5262392163276672, 0.38087543845176697, 0.44084498286247253, 0.49153655767440796, 0.3936438262462616, 0.5136035084724426, 0.44601166248321533, 0.3939184248447418, 0.6096145510673523, 0.5915539860725403, 0.5257232189178467, 0.4456844627857208, 0.4594835340976715, 0.48685652017593384, 0.5543121099472046, 0.38560447096824646, 0.4696837365627289, 0.4148280620574951, 0.487457811832428, 0.5573967099189758, 0.4584823548793793, 0.42108914256095886, 0.5128775238990784, 0.38815614581108093, 0.46498003602027893, 0.6737126708030701, 0.529996931552887, 0.4621011018753052, 0.5923290848731995, 0.4300878047943115, 0.46084561944007874, 0.5464972257614136, 0.3893054127693176, 0.4964621663093567, 0.5091343522071838, 0.47504109144210815]",0001010101011101110100101110100001001110001000010010011010010010,1010111011010111100010101111101001000111011110010101000001010110
"[0.35604584217071533, 0.3562712073326111, 0.39808303117752075, 0.5867083668708801, 0.45722100138664246, 0.5445756316184998, 0.1582583338022232, 0.7401559948921204, 0.5485926866531372, 0.5912806391716003, 0.3657205402851105, 0.49992644786834717, 0.475533127784729, 0.5824138522148132, 0.4571627378463745, 0.5138378143310547, 0.6114141345024109, 0.45738887786865234, 0.6560040712356567, 0.6147949695587158, 0.42064082622528076, 0.44601133465766907, 0.8871686458587646, 0.2556478679180145, 0.6846024394035339, 0.6477380394935608, 0.44072985649108887, 0.46085500717163086, 0.6067580580711365, 0.46334052085876465, 0.4109698534011841, 0.5278518795967102, 0.36284130811691284, 0.5245312452316284, 0.30668431520462036, 0.3903443515300751, 0.6563643217086792, 0.725897490978241, 0.6408818960189819, 0.5126212239265442, 0.3687777817249298, 0.5050392150878906, 0.5293285846710205, 0.27484896779060364, 0.4639599323272705, 0.3498491644859314, 0.5264453887939453, 0.570909321308136, 0.5677073001861572, 0.33363041281700134, 0.5604786276817322, 0.434108167886734, 0.556277334690094, 0.6819363236427307, 0.5100587606430054, 0.40518951416015625, 0.38771775364875793, 0.448395311832428, 0.40575742721557617, 0.5186237096786499, 0.339032381772995, 0.6041341423988342, 0.5440600514411926, 0.4556521475315094]",0001010111000101101100101100100101001111011000111010111000010110,0111010101111111101110111101011000000100010100111000110111001101
"[0.48598712682724, 0.6659718155860901, 0.4364887773990631, 0.4314494729042053, 0.6042035818099976, 0.6702603697776794, 0.6146447658538818, 0.3473740518093109, 0.343434602022171, 0.383326917886734, 0.6610887050628662, 0.5874716639518738, 0.41705086827278137, 0.557634711265564, 0.4674951732158661, 0.5227477550506592, 0.45131275057792664, 0.5717388987541199, 0.40109920501708984, 0.5903968214988708, 0.5902722477912903, 0.5535162091255188, 0.30230554938316345, 0.555056095123291, 0.6144440174102783, 0.4659634232521057, 0.44177529215812683, 0.35275545716285706, 0.5193328261375427, 0.43059247732162476, 0.5899104475975037, 0.49672845005989075, 0.411438524723053, 0.4409315586090088, 0.5955178141593933, 0.5765057802200317, 0.4107656180858612, 0.3691093623638153, 0.48491793870925903, 0.4923345148563385, 0.5387057662010193, 0.5032948851585388, 0.6385294795036316, 0.5205078721046448, 0.439529687166214, 0.7188647389411926, 0.5185562372207642, 0.5506079196929932, 0.35032764077186584, 0.528857946395874, 0.4778117835521698, 0.5666613578796387, 0.18603795766830444, 0.5289275646209717, 0.6279628872871399, 0.4660363793373108, 0.7032649517059326, 0.7159184813499451, 0.48055365681648254, 0.6028512716293335, 0.5004155039787292, 0.5037556886672974, 0.40890222787857056, 0.4694669246673584]",0100111000110101010111011000101000110000111101110101011011011100,1011111000101111000011110100111101001010000001110111011100011011
"[0.5153617858886719, 0.4360045790672302, 0.5014917254447937, 0.41102123260498047, 0.42890822887420654, 0.4686441719532013, 0.6174224615097046, 0.5707523822784424, 0.49553167819976807, 0.5358469486236572, 0.5229942202568054, 0.49611493945121765, 0.5705037117004395, 0.4447175860404968, 0.5454747676849365, 0.4278658628463745, 0.5446334481239319, 0.5528472065925598, 0.57619708776474, 0.36848077178001404, 0.5007169842720032, 0.4982872009277344, 0.35085827112197876, 0.5717054605484009, 0.2577231228351593, 0.4278157949447632, 0.5057447552680969, 0.5442979335784912, 0.41707542538642883, 0.5110257863998413, 0.4874873459339142, 0.4306664764881134, 0.4663896858692169, 0.486776739358902, 0.5532629489898682, 0.5174501538276672, 0.545470118522644, 0.3655196726322174, 0.30806130170822144, 0.505276083946228, 0.4178098440170288, 0.40363001823425293, 0.6147878170013428, 0.5457698702812195, 0.5281404256820679, 0.5646697282791138, 0.3292006254196167, 0.4085114598274231, 0.44978708028793335, 0.5994648933410645, 0.5186951160430908, 0.5386437177658081, 0.32630860805511475, 0.47075366973876953, 0.41689011454582214, 0.547249436378479, 0.40338587760925293, 0.4123325049877167, 0.6407852172851562, 0.4606962502002716, 0.46397125720977783, 0.5525253415107727, 0.5219039916992188, 0.5028643608093262]",1010001101101010111010010011010000111001001111000111000100100111,1000101000000000101010011001111010111001100000011111001010011011
"[0.5497949123382568, 0.5599081516265869, 0.4596017897129059, 0.6109715104103088, 0.3283925950527191, 0.32924801111221313, 0.4208664894104004, 0.4259198009967804, 0.5264721512794495, 0.5237153172492981, 0.3411247432231903, 0.46332451701164246, 0.4339011013507843, 0.5260398983955383, 0.4719013571739197, 0.5445408225059509, 0.4107484221458435, 0.4838271141052246, 0.2860698401927948, 0.6106911301612854, 0.3527340292930603, 0.4977653920650482, 0.5450531840324402, 0.4701865613460541, 0.633110523223877, 0.6131360530853271, 0.7466336488723755, 0.5243155360221863, 0.6253003478050232, 0.4089905917644501, 0.3905726373195648, 0.5739213228225708, 0.568187415599823, 0.6090521216392517, 0.531528890132904, 0.2483246922492981, 0.3958348333835602, 0.6698665022850037, 0.5533335208892822, 0.4451178014278412, 0.6500207781791687, 0.5517110228538513, 0.33391231298446655, 0.4436219334602356, 0.4356599450111389, 0.2547297477722168, 0.6356114149093628, 0.6142274141311646, 0.5661833882331848, 0.32017868757247925, 0.41757112741470337, 0.4963044822216034, 0.8468143939971924, 0.5910097360610962, 0.646656334400177, 0.5187839269638062, 0.646149754524231, 0.47537466883659363, 0.4712110161781311, 0.595939040184021, 0.583679735660553, 0.4242589473724365, 0.524675726890564, 0.6629630327224731]",1101000011000101000100101111100111100110110000111000111110011011,1110000000001100010111100001000111000110010101011011111101000010
"[0.5365912318229675, 0.5352168679237366, 0.49857088923454285, 0.5752913951873779, 0.39635851979255676, 0.4167785942554474, 0.5263227224349976, 0.4521491825580597, 0.5677927732467651, 0.4621357023715973, 0.36983194947242737, 0.5034425258636475, 0.45250165462493896, 0.5287541151046753, 0.4681749641895294, 0.5557007789611816, 0.4281178414821625, 0.5512315630912781, 0.3991572856903076, 0.5448961853981018, 0.3965776264667511, 0.47901803255081177, 0.4517868757247925, 0.5032799243927002, 0.5013182759284973, 0.5253247022628784, 0.6182956099510193, 0.572341799736023, 0.5427638292312622, 0.4573695659637451, 0.471922904253006, 0.5488779544830322, 0.5253691673278809, 0.5592234134674072, 0.5450867414474487, 0.3741273283958435, 0.4364735186100006, 0.5374823212623596, 0.5118410587310791, 0.44946038722991943, 0.5937973856925964, 0.49729016423225403, 0.41297200322151184, 0.49827492237091064, 0.4804345965385437, 0.3836331069469452, 0.5763574838638306, 0.5471171736717224, 0.5401048064231873, 0.4538794755935669, 0.4513070285320282, 0.502625584602356, 0.7560768723487854, 0.5166908502578735, 0.6060391068458557, 0.5296474099159241, 0.5878864526748657, 0.4865214228630066, 0.4833577573299408, 0.5182918310165405, 0.5630476474761963, 0.45794084668159485, 0.5274431705474854, 0.5985161066055298]",1101001010010101010100011111100111100110100000111001111110011011,1111010101001111010000010100010000100011011100111001111011110010
"[0.5152702927589417, 0.41280820965766907, 0.5830287337303162, 0.3297288715839386, 0.4595637917518616, 0.37323111295700073, 0.5569339394569397, 0.6399610638618469, 0.43952393531799316, 0.6623162031173706, 0.569902241230011, 0.42905065417289734, 0.6103472709655762, 0.4030713438987732, 0.5770202279090881, 0.3255266547203064, 0.5892200469970703, 0.48790857195854187, 0.5861051678657532, 0.34439539909362793, 0.5075047016143799, 0.5498098134994507, 0.36031797528266907, 0.5997695326805115, 0.21278859674930573, 0.4326603412628174, 0.5542699098587036, 0.5882792472839355, 0.4210605025291443, 0.5259765386581421, 0.4270314872264862, 0.39987435936927795, 0.5359312891960144, 0.5016360878944397, 0.5513808131217957, 0.5146911144256592, 0.49050840735435486, 0.38400396704673767, 0.2663220763206482, 0.582252025604248, 0.3806154727935791, 0.4354625642299652, 0.61734539270401, 0.5924526453018188, 0.5145334005355835, 0.5092777013778687, 0.2826485335826874, 0.3940131664276123, 0.4855782985687256, 0.5741323828697205, 0.5197393894195557, 0.5867939591407776, 0.2952564060688019, 0.43385252356529236, 0.38300180435180664, 0.5505253672599792, 0.3130866587162018, 0.3856777250766754, 0.7204867005348206, 0.46183285117149353, 0.4438888430595398, 0.5488812327384949, 0.5026024580001831, 0.5213796496391296]",1010001101101010101011010011010011110001001111000111000100100111,0001111110101100100101010001100111100011011000000101111101100101
"[0.49509531259536743, 0.5150205492973328, 0.38076576590538025, 0.4803082048892975, 0.42129647731781006, 0.6392637491226196, 0.6560937166213989, 0.41107892990112305, 0.4770943224430084, 0.42346078157424927, 0.5147416591644287, 0.5532649755477905, 0.5026983618736267, 0.48180949687957764, 0.49239692091941833, 0.5505820512771606, 0.516141951084137, 0.6048095226287842, 0.4993571639060974, 0.4719984829425812, 0.5296826958656311, 0.4964299499988556, 0.370014488697052, 0.5093641877174377, 0.4758104085922241, 0.46014654636383057, 0.44912269711494446, 0.4313826262950897, 0.4193836450576782, 0.43864554166793823, 0.5327659249305725, 0.45518723130226135, 0.3609812259674072, 0.4427902400493622, 0.551096498966217, 0.5192277431488037, 0.5874475836753845, 0.3592711091041565, 0.3799166679382324, 0.4065221846103668, 0.4688800871372223, 0.4133346378803253, 0.6450568437576294, 0.46657925844192505, 0.5291314125061035, 0.6641176342964172, 0.38539034128189087, 0.48017618060112, 0.35566022992134094, 0.585105299949646, 0.4935043156147003, 0.42065224051475525, 0.274888277053833, 0.5960240364074707, 0.489635169506073, 0.5453386306762695, 0.6205545663833618, 0.5124591588973999, 0.5197373628616333, 0.4938652813434601, 0.4300069510936737, 0.49924251437187195, 0.4880496561527252, 0.45732757449150085]",0100011000111001110010010000001000111000001011000100010111100000,0010010100110100000110010001011000000111001000001010110111011010
"[0.5131876468658447, 0.6089556813240051, 0.47454413771629333, 0.26916447281837463, 0.6094365119934082, 0.48177847266197205, 0.4989372491836548, 0.5582345128059387, 0.23280638456344604, 0.7339860796928406, 0.7467180490493774, 0.47928494215011597, 0.5185955762863159, 0.3768119215965271, 0.5913612246513367, 0.40342530608177185, 0.5754989385604858, 0.3606869578361511, 0.5310267210006714, 0.5215174555778503, 0.6261107325553894, 0.6973934173583984, 0.31225502490997314, 0.5662856101989746, 0.4186961054801941, 0.39774876832962036, 0.45258915424346924, 0.46552202105522156, 0.4736648201942444, 0.4702952802181244, 0.381902277469635, 0.4122086763381958, 0.4846971929073334, 0.4791410565376282, 0.46273273229599, 0.48960670828819275, 0.32691916823387146, 0.4130527377128601, 0.33756592869758606, 0.6436051726341248, 0.33334603905677795, 0.45809540152549744, 0.7279402613639832, 0.5462302565574646, 0.4500722289085388, 0.6664174795150757, 0.3080260455608368, 0.40532979369163513, 0.39393943548202515, 0.537050187587738, 0.5132251381874084, 0.577665388584137, 0.11942847073078156, 0.45460066199302673, 0.471450537443161, 0.5684444308280945, 0.46627458930015564, 0.6039235591888428, 0.7542176246643066, 0.5005626678466797, 0.44338923692703247, 0.6127395629882812, 0.4129093289375305, 0.5442635416984558]",1100100101101010101111010000000000000001001101000111000101110101,0001110111101110100011011010111111110001111011111011001000100100
"[0.527595579624176, 0.5207350254058838, 0.516762912273407, 0.30239054560661316, 0.5306760668754578, 0.45191845297813416, 0.5347588658332825, 0.5809898376464844, 0.3254633843898773, 0.6966323256492615, 0.6736243963241577, 0.45395395159721375, 0.5593499541282654, 0.3854987323284149, 0.5759437680244446, 0.37859928607940674, 0.5841965675354004, 0.41819897294044495, 0.5576909184455872, 0.4384424090385437, 0.5952154994010925, 0.6312881708145142, 0.3438459634780884, 0.5714004039764404, 0.3323994576931, 0.41020289063453674, 0.4942399561405182, 0.5122623443603516, 0.42821043729782104, 0.48919087648391724, 0.38940081000328064, 0.4067436456680298, 0.4945097267627716, 0.48460590839385986, 0.4924295246601105, 0.5108930468559265, 0.42227402329444885, 0.4044557809829712, 0.30070048570632935, 0.5927167534828186, 0.3485509157180786, 0.4377197325229645, 0.6898231506347656, 0.5496324896812439, 0.4880020022392273, 0.620668888092041, 0.29100409150123596, 0.3917800784111023, 0.43035566806793213, 0.5523110032081604, 0.505574107170105, 0.5427795052528381, 0.1802539825439453, 0.46897226572036743, 0.420452743768692, 0.5634318590164185, 0.3939588963985443, 0.49546435475349426, 0.7372831106185913, 0.48721304535865784, 0.44245561957359314, 0.5783054232597351, 0.4569301903247833, 0.5338132977485657]",1110101101101010101011010001000000010001001101000111000100100101,0101010101011110101110110010010101000000001111001001100111111111
"[0.41076746582984924, 0.40672481060028076, 0.40938228368759155, 0.5433313846588135, 0.5260238647460938, 0.7384263873100281, 0.3782600462436676, 0.6397016048431396, 0.5796318054199219, 0.4710067808628082, 0.3890833854675293, 0.5143424868583679, 0.5098752975463867, 0.5324132442474365, 0.4077591001987457, 0.596200704574585, 0.5780224204063416, 0.5547274947166443, 0.6823445558547974, 0.6056780219078064, 0.4681355059146881, 0.3852663040161133, 0.775646984577179, 0.30496981739997864, 0.5341101288795471, 0.44109997153282166, 0.3140083849430084, 0.5189387798309326, 0.4678729474544525, 0.4977574646472931, 0.5211613178253174, 0.511256992816925, 0.4198824465274811, 0.4455138146877289, 0.4343971312046051, 0.6232526302337646, 0.6733351349830627, 0.5346355438232422, 0.5965160727500916, 0.4504826068878174, 0.3810567557811737, 0.5577545166015625, 0.5555917024612427, 0.3576381802558899, 0.5291141867637634, 0.561581552028656, 0.5272738337516785, 0.4954243302345276, 0.553997278213501, 0.5303579568862915, 0.5046997666358948, 0.3496512174606323, 0.4532195031642914, 0.6134586334228516, 0.4908680021762848, 0.49783894419670105, 0.42220190167427063, 0.45207637548446655, 0.40111568570137024, 0.4441589415073395, 0.40904000401496887, 0.5154765844345093, 0.5394712090492249, 0.4260856509208679]",0001110110011101111100101001001100011110011011101110010000000110,0000010111011101001000100101010110110011000011000010000011110000
"[0.5058103203773499, 0.48560085892677307, 0.417134165763855, 0.48389407992362976, 0.4041399359703064, 0.5882179737091064, 0.6508328318595886, 0.4545612633228302, 0.5128368735313416, 0.43418392539024353, 0.4820277690887451, 0.5403704643249512, 0.5231488943099976, 0.4773940443992615, 0.5010697841644287, 0.5279838442802429, 0.5155707597732544, 0.6070619821548462, 0.5205977559089661, 0.4312328100204468, 0.5032177567481995, 0.4754517376422882, 0.36924514174461365, 0.5271338820457458, 0.3991208076477051, 0.4553900361061096, 0.47250041365623474, 0.4783743619918823, 0.4171578884124756, 0.4565190076828003, 0.5275854468345642, 0.452238529920578, 0.38859161734580994, 0.46266841888427734, 0.5590729117393494, 0.5123271942138672, 0.5849422216415405, 0.36159566044807434, 0.36317673325538635, 0.4205041527748108, 0.46660012006759644, 0.4086017310619354, 0.623319149017334, 0.49153414368629456, 0.5313192009925842, 0.6152458786964417, 0.37818285822868347, 0.45920437574386597, 0.3923499286174774, 0.5947982668876648, 0.49711841344833374, 0.44601142406463623, 0.3347800076007843, 0.5584976077079773, 0.4718998074531555, 0.547173023223877, 0.5639147758483887, 0.4657486379146576, 0.5463676452636719, 0.4767351448535919, 0.44603049755096436, 0.5080239772796631, 0.5109443664550781, 0.4744551479816437]",1000011010011011111010010000001000111000001011000100010110100110,0100101101011111000011001101001000100011000101101010111000001101
"[0.4622654318809509, 0.49457037448883057, 0.3900979161262512, 0.49887073040008545, 0.4242130517959595, 0.7546045184135437, 0.5801324248313904, 0.4124544858932495, 0.527730405330658, 0.40122151374816895, 0.4427488148212433, 0.5198540687561035, 0.5143535137176514, 0.49241670966148376, 0.3985927999019623, 0.5766607522964478, 0.559498131275177, 0.6259274482727051, 0.5092974901199341, 0.5349474549293518, 0.5133361220359802, 0.4175105690956116, 0.5659095048904419, 0.39714574813842773, 0.5819653272628784, 0.469276487827301, 0.4131886959075928, 0.4436741769313812, 0.41193896532058716, 0.4100581109523773, 0.5440720915794373, 0.4742727279663086, 0.38149625062942505, 0.4426659345626831, 0.5466082096099854, 0.5998921990394592, 0.6601952314376831, 0.4139297306537628, 0.4646245837211609, 0.3703020513057709, 0.4656742811203003, 0.5219548940658569, 0.6050562858581543, 0.44595471024513245, 0.5357168912887573, 0.616087794303894, 0.460517555475235, 0.529482364654541, 0.39495769143104553, 0.5504384636878967, 0.45277512073516846, 0.3033832013607025, 0.3392220437526703, 0.6755667328834534, 0.525831401348114, 0.5150709748268127, 0.6361175775527954, 0.4625680148601532, 0.40838584303855896, 0.5092725157737732, 0.41158801317214966, 0.40766826272010803, 0.4877465069293976, 0.4202987849712372]",0000011010011001111110101000001000111000011011010100011110010000,1011011010001011010111111100011001010101010000100101111010000010
"[0.4950252175331116, 0.5867404341697693, 0.42510098218917847, 0.46103909611701965, 0.5025832653045654, 0.7339872717857361, 0.6561564803123474, 0.3344919681549072, 0.4508378803730011, 0.3667738437652588, 0.5636851787567139, 0.5456228256225586, 0.4635075628757477, 0.5289655923843384, 0.4223235249519348, 0.5484600067138672, 0.5023931860923767, 0.6191645264625549, 0.43118345737457275, 0.5475446581840515, 0.5694437026977539, 0.4724816381931305, 0.3970597982406616, 0.49543046951293945, 0.5786846280097961, 0.4428021013736725, 0.4299335479736328, 0.38287296891212463, 0.4466094970703125, 0.42552661895751953, 0.5819320678710938, 0.48798269033432007, 0.40481385588645935, 0.4367372393608093, 0.6051487922668457, 0.624947726726532, 0.5475060939788818, 0.36734268069267273, 0.4457411766052246, 0.40552303194999695, 0.5151355862617493, 0.5249456167221069, 0.6069340705871582, 0.5026238560676575, 0.5019823312759399, 0.6863788962364197, 0.4940904378890991, 0.5351279973983765, 0.35856691002845764, 0.5487408638000488, 0.44486239552497864, 0.41454604268074036, 0.25032252073287964, 0.6210394501686096, 0.5695775151252747, 0.494548499584198, 0.6767470836639404, 0.5886644124984741, 0.4283685088157654, 0.5730722546577454, 0.471930593252182, 0.42787787318229675, 0.4399951994419098, 0.4386560916900635]",0100111000110101110110001000001000111000111111010100011011010000,0000111110100111100000011001110000010001111100011010110011010000
"[0.5117540955543518, 0.4869896471500397, 0.4754509925842285, 0.5275533199310303, 0.3981661796569824, 0.5033909678459167, 0.6030722856521606, 0.4836306869983673, 0.5600904226303101, 0.4272127151489258, 0.4119192957878113, 0.5304168462753296, 0.5132960677146912, 0.5032797455787659, 0.485179603099823, 0.528906524181366, 0.4795825779438019, 0.6074225902557373, 0.4940873384475708, 0.44260045886039734, 0.441923052072525, 0.4511086940765381, 0.40126755833625793, 0.5327607989311218, 0.393763929605484, 0.4867531359195709, 0.5288428068161011, 0.5422581434249878, 0.45700138807296753, 0.4625985324382782, 0.5300569534301758, 0.48943862318992615, 0.4510653614997864, 0.5039881467819214, 0.5680961012840271, 0.46331432461738586, 0.5372453927993774, 0.41124773025512695, 0.4226105511188507, 0.43716806173324585, 0.517461895942688, 0.43608590960502625, 0.5329903364181519, 0.5211970210075378, 0.5128055214881897, 0.4893541634082794, 0.45742684602737427, 0.4824685752391815, 0.46999499201774597, 0.5624984502792358, 0.4941176176071167, 0.48503363132476807, 0.5406386852264404, 0.5149576663970947, 0.5197712779045105, 0.5329350233078003, 0.5511993765830994, 0.4426679313182831, 0.5248848795890808, 0.47790470719337463, 0.49109965562820435, 0.48783251643180847, 0.529235303401947, 0.5111374855041504]",1001011010011101010000010011001001101000101110000100111110100011,0010000100100101100001010000110000001010110000001100101010011100
"[0.5148492455482483, 0.47684362530708313, 0.44310104846954346, 0.4253299832344055, 0.4355303943157196, 0.5436800718307495, 0.640471339225769, 0.5071485638618469, 0.4704670310020447, 0.504153847694397, 0.5450400114059448, 0.5203484892845154, 0.5409464240074158, 0.4496976137161255, 0.5347576141357422, 0.4802458584308624, 0.5350459218025208, 0.560688316822052, 0.5535610914230347, 0.40908902883529663, 0.5327028632164001, 0.5138826966285706, 0.34122833609580994, 0.5485565066337585, 0.3317023515701294, 0.42490866780281067, 0.46959033608436584, 0.49032628536224365, 0.4105885326862335, 0.483641654253006, 0.49525392055511475, 0.4346165060997009, 0.41686558723449707, 0.4673885703086853, 0.5405363440513611, 0.5223507881164551, 0.5567622184753418, 0.3580600917339325, 0.3236408829689026, 0.47013744711875916, 0.4198257029056549, 0.39597371220588684, 0.6480912566184998, 0.5075879693031311, 0.5306227803230286, 0.6350114345550537, 0.3358916640281677, 0.42226552963256836, 0.3999923765659332, 0.6004501581192017, 0.5099937915802002, 0.4920169711112976, 0.26838716864585876, 0.5166429281234741, 0.4355396628379822, 0.5535990595817566, 0.4814962148666382, 0.4632784128189087, 0.6147393584251404, 0.47236478328704834, 0.45424512028694153, 0.5504773855209351, 0.5077999830245972, 0.4895499646663666]",1000011101111010111011010000000000111000001111000110010100100110,1000110011100000010001010011100100111000111011011111101011001000
"[0.5235721468925476, 0.4550519585609436, 0.6037573218345642, 0.27338486909866333, 0.5121471285820007, 0.3543051481246948, 0.5059177279472351, 0.6454806327819824, 0.35042133927345276, 0.7480264902114868, 0.6471821069717407, 0.39810699224472046, 0.6057214140892029, 0.3742184638977051, 0.591698408126831, 0.29014307260513306, 0.6117653250694275, 0.4127592146396637, 0.5737777948379517, 0.3804033100605011, 0.5592221021652222, 0.6228196620941162, 0.3612131178379059, 0.6004326343536377, 0.24839013814926147, 0.430398553609848, 0.5531286001205444, 0.5751022696495056, 0.4279748201370239, 0.5174599289894104, 0.37419554591178894, 0.388481080532074, 0.5569382905960083, 0.5022183656692505, 0.5199669599533081, 0.5110523104667664, 0.41860759258270264, 0.40947243571281433, 0.2621079981327057, 0.6302453875541687, 0.34601467847824097, 0.46021926403045654, 0.6516467332839966, 0.5987597703933716, 0.49219977855682373, 0.5329357385635376, 0.26389944553375244, 0.39054498076438904, 0.47871172428131104, 0.5411662459373474, 0.5127665996551514, 0.5923306941986084, 0.22179321944713593, 0.4338090121746063, 0.38628220558166504, 0.557338535785675, 0.304122656583786, 0.42885711789131165, 0.7697251439094543, 0.47928813099861145, 0.4336742162704468, 0.5562700629234314, 0.4637807309627533, 0.5375152826309204]",1010101101101010101011010011010011110001001101000111000100100101,1011111011001100100011000110010010011101011111101011001110100010
"[0.5045656561851501, 0.4224646985530853, 0.5479334592819214, 0.46933266520500183, 0.40981215238571167, 0.4065471589565277, 0.6066083908081055, 0.5872787237167358, 0.5767954587936401, 0.47997668385505676, 0.4295421242713928, 0.49611979722976685, 0.5599321126937866, 0.4928501844406128, 0.5320562720298767, 0.4424933195114136, 0.5105043053627014, 0.5926666855812073, 0.5668386220932007, 0.37066030502319336, 0.4206790626049042, 0.45460245013237, 0.3592727482318878, 0.5733600854873657, 0.23785777390003204, 0.4549756348133087, 0.5360262393951416, 0.601560115814209, 0.4609426259994507, 0.530049204826355, 0.5401543378829956, 0.46339014172554016, 0.4999607801437378, 0.5127124786376953, 0.5796071290969849, 0.4865970313549042, 0.5295724272727966, 0.37723398208618164, 0.34971246123313904, 0.505658745765686, 0.47789087891578674, 0.41329988837242126, 0.5329607725143433, 0.5810373425483704, 0.5304138660430908, 0.4565213918685913, 0.39368727803230286, 0.43431755900382996, 0.5041203498840332, 0.5913430452346802, 0.5265293717384338, 0.5881353616714478, 0.5230178236961365, 0.4329333007335663, 0.45015183091163635, 0.5295817852020264, 0.4094901978969574, 0.4082949757575989, 0.5847567915916443, 0.44970282912254333, 0.5024539828300476, 0.5268850922584534, 0.5445476770401001, 0.5178287625312805]",1010001110001010111000010011011001101001001110001111100100101111,1010100110111101010011000010001010111111100111100111100010011011
"[0.5152528285980225, 0.7723631262779236, 0.5586043000221252, 0.405912846326828, 0.7378527522087097, 0.7681441307067871, 0.5868731737136841, 0.301352322101593, 0.31983956694602966, 0.2828417122364044, 0.7281423807144165, 0.5836066007614136, 0.37681543827056885, 0.6279443502426147, 0.3950282335281372, 0.5120258331298828, 0.39004990458488464, 0.5810629725456238, 0.31899088621139526, 0.6288546323776245, 0.6346831917762756, 0.4658840298652649, 0.30452537536621094, 0.5882512331008911, 0.6507166624069214, 0.40571802854537964, 0.4371098279953003, 0.3173682987689972, 0.5757620930671692, 0.42178723216056824, 0.653084933757782, 0.5361376404762268, 0.5454126596450806, 0.46186497807502747, 0.7196378111839294, 0.7582007050514221, 0.29694217443466187, 0.37730398774147034, 0.5425586104393005, 0.5486566424369812, 0.6186071038246155, 0.6641740798950195, 0.5609811544418335, 0.6195807456970215, 0.33553874492645264, 0.7303408980369568, 0.6795888543128967, 0.595903754234314, 0.4074724018573761, 0.4869009554386139, 0.42770713567733765, 0.666763961315155, 0.16493774950504303, 0.46780791878700256, 0.7435358166694641, 0.358637273311615, 0.703106164932251, 0.7699204087257385, 0.41581469774246216, 0.6793175935745239, 0.6072372794151306, 0.4302881062030792, 0.36011338233947754, 0.5032466650009155]",1110111000110101010110011000101110110011111101110001001011011001,1110110000100101110010001110111000010010111000010000000001101001
"[0.5279882550239563, 0.5359839200973511, 0.47317802906036377, 0.5660536885261536, 0.3894293010234833, 0.4399948716163635, 0.5094025731086731, 0.4525183141231537, 0.5375005602836609, 0.4642702639102936, 0.38787636160850525, 0.5094457268714905, 0.47094282507896423, 0.5177083611488342, 0.4655285179615021, 0.5503013730049133, 0.443358838558197, 0.5479360818862915, 0.3936985731124878, 0.5369029641151428, 0.41311901807785034, 0.47335803508758545, 0.47255903482437134, 0.49758508801460266, 0.5303283333778381, 0.5404515266418457, 0.6157284379005432, 0.5385342240333557, 0.5341516733169556, 0.43262770771980286, 0.4652998447418213, 0.5370475649833679, 0.5077288150787354, 0.5483701825141907, 0.5429439544677734, 0.3727041184902191, 0.4609973430633545, 0.5371135473251343, 0.5114333629608154, 0.4440387189388275, 0.5810138583183289, 0.49730661511421204, 0.4363028407096863, 0.4830351173877716, 0.4715770184993744, 0.387634813785553, 0.562970757484436, 0.5432480573654175, 0.520073413848877, 0.4518277049064636, 0.45680150389671326, 0.4776419699192047, 0.7054124474525452, 0.5448676943778992, 0.5964614748954773, 0.5232794880867004, 0.6061534285545349, 0.4696761667728424, 0.4895450472831726, 0.5322218537330627, 0.5380247235298157, 0.4578322768211365, 0.5195274949073792, 0.5795252919197083]",1101001010010101010100001111100111100110100000111000111110011011,1010000101011101101101011011010110010101010011001000111101010011
"[0.5280979871749878, 0.5464216470718384, 0.425428181886673, 0.5928469896316528, 0.3205820620059967, 0.34510713815689087, 0.3686370253562927, 0.45127788186073303, 0.4718267619609833, 0.5464751124382019, 0.37814027070999146, 0.4649827182292938, 0.4687955975532532, 0.5136524438858032, 0.4852731227874756, 0.5144898891448975, 0.4480549395084381, 0.4599173963069916, 0.2903921902179718, 0.5925994515419006, 0.3780653178691864, 0.48934176564216614, 0.6013372540473938, 0.4560481011867523, 0.6683743000030518, 0.6461052298545837, 0.7402259111404419, 0.46341782808303833, 0.6303119659423828, 0.37779882550239563, 0.3760748505592346, 0.5531516671180725, 0.5360053181648254, 0.5945513844490051, 0.5173353552818298, 0.24539603292942047, 0.43886619806289673, 0.6816611289978027, 0.5530745983123779, 0.4559672772884369, 0.6212167143821716, 0.5518277287483215, 0.37171366810798645, 0.41580384969711304, 0.4188137948513031, 0.24347461760044098, 0.6078786849975586, 0.5994459986686707, 0.5419066548347473, 0.3081842362880707, 0.43954265117645264, 0.4707421362400055, 0.7791142463684082, 0.6321661472320557, 0.6130208373069763, 0.49551188945770264, 0.6440858244895935, 0.44633692502975464, 0.4853711724281311, 0.6202713251113892, 0.5349462628364563, 0.4387982487678528, 0.5128993988037109, 0.6295146942138672]",1101000001000101000100101110100111100110110000111000111010011011,0010101010000010011110110111000000010110101000110000111111111111
"[0.486546128988266, 0.5918737053871155, 0.38416194915771484, 0.45464739203453064, 0.5053246021270752, 0.674994945526123, 0.6480736136436462, 0.351990669965744, 0.4017777442932129, 0.40709125995635986, 0.5932496190071106, 0.5699581503868103, 0.450714111328125, 0.5186360478401184, 0.47065481543540955, 0.5504440069198608, 0.4946120083332062, 0.5931707620620728, 0.4443390667438507, 0.5486038327217102, 0.5682680606842041, 0.5410546660423279, 0.3390406668186188, 0.517593502998352, 0.5813143253326416, 0.4672699570655823, 0.43623918294906616, 0.3732348084449768, 0.4588364064693451, 0.42710548639297485, 0.56365567445755, 0.4742601215839386, 0.36581528186798096, 0.4309404790401459, 0.562468409538269, 0.5437206625938416, 0.5163679718971252, 0.362457275390625, 0.4320046305656433, 0.42749688029289246, 0.5008400678634644, 0.45306047797203064, 0.6528096199035645, 0.4756776690483093, 0.49871310591697693, 0.7121385931968689, 0.4461880326271057, 0.526155948638916, 0.33214256167411804, 0.5536139607429504, 0.47930672764778137, 0.4617300033569336, 0.21214017271995544, 0.596403956413269, 0.5540690422058105, 0.518028199672699, 0.6913332343101501, 0.6316313743591309, 0.4814201891422272, 0.5529147982597351, 0.45100781321525574, 0.4922003448009491, 0.4394274353981018, 0.44967904686927795]",0100111000110101010111011000001000111000101001010100011111010000,1010011010110100010011010100110101011010011001100010111111100001
"[0.4012502431869507, 0.4167320728302002, 0.36919668316841125, 0.6052986979484558, 0.3242759704589844, 0.3346285820007324, 0.1264030933380127, 0.6610013842582703, 0.46349525451660156, 0.6635309457778931, 0.3917008340358734, 0.4442342221736908, 0.4703825116157532, 0.5767263174057007, 0.5271742939949036, 0.4314579963684082, 0.5745189189910889, 0.33980393409729004, 0.40673717856407166, 0.6088582873344421, 0.39173710346221924, 0.46598905324935913, 0.8811041712760925, 0.3061361610889435, 0.7694793343544006, 0.7652362585067749, 0.6852517127990723, 0.3410632610321045, 0.7260409593582153, 0.38990694284439087, 0.321096271276474, 0.5540217161178589, 0.41304123401641846, 0.6077804565429688, 0.34363219141960144, 0.20689773559570312, 0.5566083788871765, 0.8268808126449585, 0.613063395023346, 0.5153095126152039, 0.46823662519454956, 0.5483653545379639, 0.42670318484306335, 0.26856911182403564, 0.3911949694156647, 0.166298970580101, 0.5733155012130737, 0.6082513928413391, 0.5481009483337402, 0.1959904283285141, 0.5372678637504578, 0.4821387231349945, 0.6899163722991943, 0.7541322112083435, 0.5274713039398193, 0.3759462833404541, 0.47445783019065857, 0.4124760627746582, 0.4531921148300171, 0.6595224142074585, 0.37821877002716064, 0.5723638534545898, 0.5082775354385376, 0.5567692518234253]",0001000101000110100100101110100101001111010000111010111000010111,0111000111001001101101110110100011101111111000111111000011000010
"[0.5086718201637268, 0.521364688873291, 0.44518786668777466, 0.549136757850647, 0.3816445469856262, 0.49533411860466003, 0.5222431421279907, 0.457038551568985, 0.5198249220848083, 0.450454980134964, 0.4043087661266327, 0.5224748253822327, 0.5010179877281189, 0.5035523772239685, 0.46265098452568054, 0.5445538759231567, 0.4706473648548126, 0.56962651014328, 0.41953712701797485, 0.5034019351005554, 0.4366307854652405, 0.4571567177772522, 0.4786571264266968, 0.4950443208217621, 0.5291181802749634, 0.5420539379119873, 0.5823472738265991, 0.5046659111976624, 0.4988485872745514, 0.4120519459247589, 0.4826396405696869, 0.5090596079826355, 0.46374714374542236, 0.5218984484672546, 0.5471446514129639, 0.4012491703033447, 0.5148398876190186, 0.495342880487442, 0.48540443181991577, 0.4291703402996063, 0.5495198369026184, 0.477280855178833, 0.49518096446990967, 0.4779553711414337, 0.4775266647338867, 0.4252406656742096, 0.516038179397583, 0.525447428226471, 0.47934409976005554, 0.48496678471565247, 0.47293904423713684, 0.44422397017478943, 0.5985243320465088, 0.5732488036155701, 0.567164421081543, 0.5195357799530029, 0.6177359223365784, 0.4447735548019409, 0.4977774918079376, 0.5256407856941223, 0.49004533886909485, 0.4614129960536957, 0.5125916004180908, 0.5356139540672302]",1101001010011101010100001111000101101000100000110000111110010011,1011000111100011110111111000011110010111000100011000101011101000
"[0.38845932483673096, 0.4045909643173218, 0.39571553468704224, 0.5431469678878784, 0.45750123262405396, 0.6551251411437988, 0.3099299371242523, 0.6384862065315247, 0.5431023836135864, 0.5018380284309387, 0.38568761944770813, 0.5176518559455872, 0.5068276524543762, 0.5282211303710938, 0.42276081442832947, 0.5641990303993225, 0.594000518321991, 0.5476632714271545, 0.6308758854866028, 0.5704171061515808, 0.4540822207927704, 0.4246521294116974, 0.7790011167526245, 0.30903998017311096, 0.6200803518295288, 0.5592222809791565, 0.40353381633758545, 0.4895845353603363, 0.4948963522911072, 0.43794432282447815, 0.47346070408821106, 0.4949890971183777, 0.37018707394599915, 0.4815729558467865, 0.3933882415294647, 0.48749929666519165, 0.6768506765365601, 0.5822917222976685, 0.5762684941291809, 0.45495402812957764, 0.38835108280181885, 0.48981529474258423, 0.5834718346595764, 0.35112348198890686, 0.5064522624015808, 0.4869047999382019, 0.48813745379447937, 0.5396432876586914, 0.5045907497406006, 0.4633004069328308, 0.525408923625946, 0.3654966354370117, 0.447072833776474, 0.6562099456787109, 0.513542890548706, 0.4653383493423462, 0.4921000301837921, 0.44426193833351135, 0.4148407578468323, 0.47831296920776367, 0.3615909814834595, 0.527073323726654, 0.5392184257507324, 0.43241629004478455]",0001010111011101111100101100000000001110001010011010011000000110,0000010010110001001100101110010110000101010011100111101011100110
"[0.5041107535362244, 0.4202197790145874, 0.5548170208930969, 0.46850964426994324, 0.4087325632572174, 0.39737850427627563, 0.6054801940917969, 0.5918315052986145, 0.5799855589866638, 0.48201465606689453, 0.42591848969459534, 0.4933052361011505, 0.5609962344169617, 0.49461621046066284, 0.5338696837425232, 0.4381944537162781, 0.5104645490646362, 0.5931493639945984, 0.567427396774292, 0.3683615028858185, 0.414817750453949, 0.4546104371547699, 0.3561037480831146, 0.5756670236587524, 0.2317357063293457, 0.45573690533638, 0.539470911026001, 0.6074992418289185, 0.46458834409713745, 0.5333301424980164, 0.5422351360321045, 0.46343493461608887, 0.5048055052757263, 0.5152163505554199, 0.5823155045509338, 0.4845944941043854, 0.5253190994262695, 0.3770604133605957, 0.34757715463638306, 0.5099726319313049, 0.4803338646888733, 0.4136883616447449, 0.5282707214355469, 0.5864794254302979, 0.5301558375358582, 0.4478227198123932, 0.3943348526954651, 0.43386393785476685, 0.5084172487258911, 0.589966893196106, 0.5277100205421448, 0.5962108373641968, 0.5337677001953125, 0.4277138113975525, 0.44938549399375916, 0.5293195843696594, 0.40480878949165344, 0.407678484916687, 0.5852255821228027, 0.4484916627407074, 0.5047985911369324, 0.5255786776542664, 0.5452688336372375, 0.5196621417999268]",1010001110001010111000010011011011101001001110001111100100101111,0011001000011000110110110111011011110001100111111100011001110001
"[0.49718838930130005, 0.5014472007751465, 0.48189806938171387, 0.5661187171936035, 0.6517311930656433, 0.8426523804664612, 0.4956854581832886, 0.5137083530426025, 0.621540904045105, 0.36145228147506714, 0.4454551935195923, 0.5305284857749939, 0.4872661232948303, 0.5696122050285339, 0.36519157886505127, 0.6588540077209473, 0.49549955129623413, 0.5088528990745544, 0.6422000527381897, 0.6365262866020203, 0.540925920009613, 0.2918248176574707, 0.7729077935218811, 0.35314440727233887, 0.472878634929657, 0.26016965508461, 0.25534385442733765, 0.46812859177589417, 0.5066733956336975, 0.5857938528060913, 0.5802199840545654, 0.5693437457084656, 0.6182326078414917, 0.44552186131477356, 0.5831051468849182, 0.8369715809822083, 0.5448333024978638, 0.5215187668800354, 0.628027081489563, 0.4613473117351532, 0.45445582270622253, 0.7678924202919006, 0.3702942430973053, 0.42030590772628784, 0.4666241705417633, 0.5996561646461487, 0.7076137065887451, 0.46447160840034485, 0.650705099105835, 0.5495086908340454, 0.4500892758369446, 0.3745217025279999, 0.5212168097496033, 0.5480961799621582, 0.4994804263114929, 0.47406914830207825, 0.3420502245426178, 0.4439348578453064, 0.35273808240890503, 0.4530167877674103, 0.5922050476074219, 0.43559977412223816, 0.4601432681083679, 0.4831322133541107]",0101110110010101011110100000111110111110010001101100110000001000,1111110010100001101111100100110001110100011010110101111100000011
"[0.5385788083076477, 0.6756826043128967, 0.5469979643821716, 0.45739641785621643, 0.6381558775901794, 0.8024695515632629, 0.6378315687179565, 0.30868449807167053, 0.4657485783100128, 0.2879623770713806, 0.6187461614608765, 0.5374739170074463, 0.43580541014671326, 0.587256669998169, 0.37050607800483704, 0.5458716750144958, 0.4453495740890503, 0.5991488695144653, 0.3876175284385681, 0.577576756477356, 0.6138436794281006, 0.37547725439071655, 0.43768295645713806, 0.520745575428009, 0.5700528621673584, 0.3529506027698517, 0.40424346923828125, 0.36818844079971313, 0.49869877099990845, 0.45911160111427307, 0.6289666295051575, 0.5356431603431702, 0.5629270076751709, 0.4633190333843231, 0.7064560651779175, 0.7949354648590088, 0.4388864040374756, 0.3983553349971771, 0.5094300508499146, 0.4590891897678375, 0.5704387426376343, 0.689948558807373, 0.4860098659992218, 0.5835026502609253, 0.4193335771560669, 0.6698161959648132, 0.6668715476989746, 0.5433018803596497, 0.4594363868236542, 0.5187601447105408, 0.40880346298217773, 0.4993264675140381, 0.28517213463783264, 0.5491100549697876, 0.6483200788497925, 0.4132598638534546, 0.6117494106292725, 0.6142191886901855, 0.37458693981170654, 0.627714216709137, 0.6018274426460266, 0.36467477679252625, 0.3986239731311798, 0.47563493251800537]",1110111000110101010110011000001110110010110101110100011011011000,1101011110100100110111001101110111111011001101110010111001011110
"[0.48130694031715393, 0.5031991600990295, 0.3909900486469269, 0.5185307860374451, 0.3754239082336426, 0.6419757008552551, 0.5830192565917969, 0.41700345277786255, 0.5117337107658386, 0.4139617085456848, 0.436644583940506, 0.5406438708305359, 0.5191726088523865, 0.49036332964897156, 0.4473806917667389, 0.5566554069519043, 0.5204525589942932, 0.6144521832466125, 0.4632822871208191, 0.48435208201408386, 0.48682302236557007, 0.4456389546394348, 0.4795283377170563, 0.4639734923839569, 0.5466835498809814, 0.5166594982147217, 0.49905693531036377, 0.44777911901474, 0.43728578090667725, 0.3968959152698517, 0.5163868069648743, 0.470155268907547, 0.3825683891773224, 0.4687613546848297, 0.551913321018219, 0.4897075891494751, 0.609929621219635, 0.420399934053421, 0.43549415469169617, 0.3846307098865509, 0.4998299479484558, 0.4647660553455353, 0.5919432044029236, 0.4570360481739044, 0.5091410875320435, 0.5543979406356812, 0.4421788156032562, 0.5184920430183411, 0.3946625590324402, 0.5383892059326172, 0.4766042232513428, 0.3670954406261444, 0.3940468728542328, 0.6391355395317078, 0.5253058075904846, 0.5248895287513733, 0.6514270305633545, 0.44888633489608765, 0.4740329384803772, 0.512759268283844, 0.41625168919563293, 0.442476749420166, 0.49754589796066284, 0.461365282535553]",0101011010011001110000001100001000101000001011010100011110010000,1110011100000110010100101111011110000000101001001000011111101000
"[0.46159854531288147, 0.7513734102249146, 0.39338216185569763, 0.3492514491081238, 0.7244306206703186, 0.6111342310905457, 0.5167820453643799, 0.41658371686935425, 0.1831524670124054, 0.5223552584648132, 0.7716968059539795, 0.628602147102356, 0.37256553769111633, 0.5298615097999573, 0.5473600029945374, 0.505181610584259, 0.4312526285648346, 0.45390787720680237, 0.39438971877098083, 0.6735044121742249, 0.6002793908119202, 0.6967189908027649, 0.23912793397903442, 0.5765441656112671, 0.6524080038070679, 0.4543290138244629, 0.4031013548374176, 0.3445498049259186, 0.6150622963905334, 0.4238590598106384, 0.5644890666007996, 0.4882219433784485, 0.41512128710746765, 0.45583441853523254, 0.5243125557899475, 0.4716011881828308, 0.23626838624477386, 0.3846980929374695, 0.5368686318397522, 0.6440361142158508, 0.49100154638290405, 0.4979058504104614, 0.723904013633728, 0.5412017107009888, 0.3645966947078705, 0.7434293031692505, 0.4946950376033783, 0.5484188795089722, 0.3220110237598419, 0.5242379307746887, 0.5287626385688782, 0.7102344632148743, 0.09867174178361893, 0.43186384439468384, 0.6813098192214966, 0.48251327872276306, 0.7303967475891113, 0.829604983329773, 0.5979548692703247, 0.5898179411888123, 0.490382581949234, 0.6334246397018433, 0.3741656243801117, 0.5161733627319336]",0100111001110111000111011000101000100011001101010111001011110101,0100101100110001011101010000101110000010011011101010000101011100
"[0.4729119539260864, 0.5067561864852905, 0.392273873090744, 0.530457079410553, 0.3709225356578827, 0.5945836901664734, 0.5020726323127747, 0.43735170364379883, 0.4905388057231903, 0.4480240046977997, 0.42633256316185, 0.5297693014144897, 0.5194083452224731, 0.49095749855041504, 0.44488900899887085, 0.5467222929000854, 0.5195555090904236, 0.5792274475097656, 0.4341181814670563, 0.5012280941009521, 0.4718782603740692, 0.4479348659515381, 0.544609010219574, 0.4470474123954773, 0.6073384284973145, 0.563200831413269, 0.5450207591056824, 0.4404202103614807, 0.47448763251304626, 0.3761295676231384, 0.48133212327957153, 0.4809958338737488, 0.4014439582824707, 0.49121764302253723, 0.5288220047950745, 0.4347880780696869, 0.5917815566062927, 0.4892328679561615, 0.4772726893424988, 0.4014534652233124, 0.507574200630188, 0.48259270191192627, 0.5593660473823547, 0.4406891465187073, 0.4844881594181061, 0.47673261165618896, 0.4770735204219818, 0.5410116314888, 0.42245054244995117, 0.48467156291007996, 0.4806388020515442, 0.36909040808677673, 0.4545373022556305, 0.6503798365592957, 0.5440108776092529, 0.5062807202339172, 0.6562768220901489, 0.4353909492492676, 0.4737622141838074, 0.5362403392791748, 0.4186224639415741, 0.44304850697517395, 0.4965299963951111, 0.47954368591308594]",0101011000011001110100101110000000101000101000010000011110010000,0000001110110100111010111111101000000101001111110100100111101110
"[0.5673394203186035, 0.565105676651001, 0.41924676299095154, 0.6761003732681274, 0.22668036818504333, 0.18823979794979095, 0.28577300906181335, 0.41799724102020264, 0.5128641724586487, 0.6155890226364136, 0.27621519565582275, 0.39010176062583923, 0.39727783203125, 0.5367643237113953, 0.5043936371803284, 0.5129942893981934, 0.37666451930999756, 0.390659898519516, 0.1713806390762329, 0.6838210821151733, 0.2616070508956909, 0.5143389105796814, 0.6627870202064514, 0.4365001618862152, 0.7364936470985413, 0.7293976545333862, 0.8796164989471436, 0.489131897687912, 0.7432223558425903, 0.3694591224193573, 0.2973334789276123, 0.6103491187095642, 0.6234316229820251, 0.6874867677688599, 0.5136972069740295, 0.11613067239522934, 0.3374800980091095, 0.8194068670272827, 0.588283121585846, 0.4489992558956146, 0.7278782725334167, 0.6068000793457031, 0.22352726757526398, 0.37849918007850647, 0.3887702226638794, 0.11068503558635712, 0.7042387127876282, 0.6926875114440918, 0.6203732490539551, 0.17261220514774323, 0.37632521986961365, 0.5298343896865845, 0.9433782696723938, 0.671878457069397, 0.6931732296943665, 0.5016552805900574, 0.6827007532119751, 0.454496830701828, 0.45607176423072815, 0.6826304793357849, 0.6193031072616577, 0.40274253487586975, 0.5381763577461243, 0.7573379278182983]",1101000011000111000101101110100111100110110000111001111110011011,0010000111010001100101011110110100000010100010000000101001011111
"[0.5117043256759644, 0.6124562621116638, 0.45290595293045044, 0.2859034836292267, 0.605003297328949, 0.5039228796958923, 0.5137766599655151, 0.537899911403656, 0.24109981954097748, 0.7092164158821106, 0.7403518557548523, 0.49657541513442993, 0.5071222186088562, 0.3893249034881592, 0.5841837525367737, 0.427028089761734, 0.5643873810768127, 0.376723051071167, 0.5266163349151611, 0.5309807658195496, 0.6232478618621826, 0.6895484328269958, 0.30954715609550476, 0.5601056218147278, 0.4361524283885956, 0.3992120027542114, 0.44259148836135864, 0.45104894042015076, 0.47730720043182373, 0.4681563973426819, 0.3979374170303345, 0.41928768157958984, 0.4666258692741394, 0.4732493460178375, 0.4645414650440216, 0.4893386960029602, 0.33763957023620605, 0.4084851145744324, 0.350443959236145, 0.6271624565124512, 0.3451666533946991, 0.45125535130500793, 0.7262962460517883, 0.534471333026886, 0.45185768604278564, 0.6803205013275146, 0.32001450657844543, 0.4126805067062378, 0.3833104372024536, 0.540188729763031, 0.5143007636070251, 0.5710520148277283, 0.12150596082210541, 0.4636191427707672, 0.4803260266780853, 0.5666708946228027, 0.4917125403881073, 0.6159973740577698, 0.7343756556510925, 0.5014941692352295, 0.4463149905204773, 0.6134284734725952, 0.41551104187965393, 0.5387412905693054]",1100111101101010101111010000000000000001001101000111000101110101,1000101101110011111001011100101001100111011001001101101100001000
"[0.48675063252449036, 0.568673849105835, 0.36917543411254883, 0.4630788266658783, 0.47812241315841675, 0.6657161712646484, 0.6494151949882507, 0.3669961094856262, 0.4173892140388489, 0.41999393701553345, 0.5729780197143555, 0.5668279528617859, 0.4638359546661377, 0.5051509141921997, 0.47968849539756775, 0.5570225715637207, 0.5044116973876953, 0.5923879742622375, 0.46340876817703247, 0.5327275395393372, 0.5586188435554504, 0.5375910401344299, 0.3479001224040985, 0.5098702311515808, 0.5602779984474182, 0.46881499886512756, 0.4347168803215027, 0.3869593143463135, 0.4449208974838257, 0.4279896914958954, 0.550857663154602, 0.4672231078147888, 0.3544011116027832, 0.430779367685318, 0.5480682253837585, 0.5274112820625305, 0.5407428741455078, 0.36307448148727417, 0.41602176427841187, 0.4180537462234497, 0.4862651526927948, 0.43251630663871765, 0.6574617624282837, 0.4624446928501129, 0.5099309086799622, 0.7058700919151306, 0.42166218161582947, 0.5121625661849976, 0.33255788683891296, 0.5624503493309021, 0.4878997206687927, 0.4420309066772461, 0.22330047190189362, 0.6038268804550171, 0.5304061770439148, 0.5317934155464172, 0.6782958507537842, 0.6029049754142761, 0.49428898096084595, 0.5310284495353699, 0.43801429867744446, 0.49959495663642883, 0.4524717926979065, 0.4490029811859131]",0100011000110101110111011000001000111000001011010100011111010000,1100010100000101111011010010000001100010111110011000001010001000
"[0.46730631589889526, 0.7367636561393738, 0.381379634141922, 0.27736571431159973, 0.7209070324897766, 0.5676583647727966, 0.481690913438797, 0.4941767454147339, 0.14697635173797607, 0.6794262528419495, 0.808327317237854, 0.5893092155456543, 0.41687121987342834, 0.4351732134819031, 0.5988592505455017, 0.4796939790248871, 0.4980989396572113, 0.3601730763912201, 0.4547969698905945, 0.6538140177726746, 0.6244287490844727, 0.75360107421875, 0.2433193475008011, 0.5705603957176208, 0.578166663646698, 0.40182361006736755, 0.3845096826553345, 0.37711846828460693, 0.5787027478218079, 0.428029328584671, 0.46785768866539, 0.4443160593509674, 0.4339602589607239, 0.46585556864738464, 0.46149110794067383, 0.4489748179912567, 0.21507561206817627, 0.39227214455604553, 0.4588165879249573, 0.6935902237892151, 0.38107654452323914, 0.4815649390220642, 0.7693543434143066, 0.5404216051101685, 0.37455129623413086, 0.7410268187522888, 0.39074262976646423, 0.47606590390205383, 0.3222065269947052, 0.5416312217712402, 0.5390357375144958, 0.68569016456604, 0.06913366913795471, 0.4216868579387665, 0.6118175983428955, 0.5463225841522217, 0.6598176956176758, 0.7950636148452759, 0.7147436738014221, 0.5330835580825806, 0.46012556552886963, 0.6741626262664795, 0.36892715096473694, 0.5411524772644043]",0100110001110010000111011000100000000001001101000111001111110101,1000110011110000001101110000101101100001000011010010001111101100
"[0.42140644788742065, 0.44175460934638977, 0.38133731484413147, 0.5845599174499512, 0.3391167223453522, 0.3704625368118286, 0.17730432748794556, 0.6187717318534851, 0.45745545625686646, 0.6272611618041992, 0.40907615423202515, 0.46020299196243286, 0.4835691750049591, 0.5556604862213135, 0.5138270854949951, 0.45159703493118286, 0.5607829689979553, 0.3791865110397339, 0.4041023254394531, 0.584728479385376, 0.410601407289505, 0.4677313268184662, 0.8286885619163513, 0.33973759412765503, 0.7393715381622314, 0.7282044291496277, 0.666165292263031, 0.36251476407051086, 0.6834292411804199, 0.38554146885871887, 0.34632301330566406, 0.5401561260223389, 0.42532816529273987, 0.5886840224266052, 0.3811594843864441, 0.24152033030986786, 0.5521935820579529, 0.7772144675254822, 0.5876306295394897, 0.501952052116394, 0.48259803652763367, 0.5369353890419006, 0.4491620659828186, 0.3078019320964813, 0.4038340151309967, 0.2095000296831131, 0.5558455586433411, 0.5920314788818359, 0.5279491543769836, 0.24290096759796143, 0.5255869626998901, 0.4672847390174866, 0.6472292542457581, 0.7262040376663208, 0.53024822473526, 0.401378870010376, 0.5103108882904053, 0.4160020351409912, 0.4654238224029541, 0.6381065845489502, 0.39729735255241394, 0.5483781099319458, 0.5064560174942017, 0.5480722188949585]",0001000101000110100100101110100101001111010000111010111010010111,0011000001100111101100011111110111010110010000010000010011001000
"[0.5038770437240601, 0.498529314994812, 0.401693731546402, 0.46888911724090576, 0.41820281744003296, 0.6051295399665833, 0.6549077033996582, 0.4434118866920471, 0.48509320616722107, 0.4439752995967865, 0.5137699842453003, 0.5438748598098755, 0.5174223780632019, 0.47192689776420593, 0.5071202516555786, 0.5306784510612488, 0.5202197432518005, 0.5967016816139221, 0.5191705822944641, 0.44424790143966675, 0.5242962837219238, 0.4954579770565033, 0.3585115373134613, 0.5253105163574219, 0.4169110953807831, 0.4477861523628235, 0.45751136541366577, 0.4562297463417053, 0.4144113063812256, 0.4541466534137726, 0.5230225920677185, 0.4478968381881714, 0.37750595808029175, 0.45247921347618103, 0.550754189491272, 0.5182923674583435, 0.5810123682022095, 0.3562715947628021, 0.35828179121017456, 0.42404088377952576, 0.45548149943351746, 0.4045991003513336, 0.643444836139679, 0.48184171319007874, 0.531860888004303, 0.649086594581604, 0.3672771751880646, 0.4583093822002411, 0.3727808892726898, 0.594673216342926, 0.4989306628704071, 0.4438391923904419, 0.28401848673820496, 0.5678661465644836, 0.4695093333721161, 0.5495674014091492, 0.5749902129173279, 0.4887780249118805, 0.5521163940429688, 0.482256680727005, 0.43913257122039795, 0.5159031748771667, 0.499641090631485, 0.46899858117103577]",1000011000111011111010010000001000111000001011000100010110100100,1010111110001100000010010010100111011111010010011101011101010101
"[0.41858044266700745, 0.45310166478157043, 0.3920322060585022, 0.5277916193008423, 0.408637672662735, 0.6294008493423462, 0.38794493675231934, 0.5370394587516785, 0.5069704651832581, 0.48086294531822205, 0.41459617018699646, 0.5223535299301147, 0.5144357681274414, 0.5037924647331238, 0.43513223528862, 0.5477521419525146, 0.5707691311836243, 0.5602566003799438, 0.5281193256378174, 0.5302760601043701, 0.47154223918914795, 0.44217246770858765, 0.6852801442146301, 0.3689534068107605, 0.639794111251831, 0.5777896046638489, 0.4779133200645447, 0.4509349763393402, 0.4862656593322754, 0.3940795063972473, 0.4714723825454712, 0.4814148247241974, 0.37509244680404663, 0.4883596897125244, 0.44706404209136963, 0.4542420506477356, 0.6438448429107666, 0.5444425344467163, 0.520309567451477, 0.4270020127296448, 0.4376506209373474, 0.4809078872203827, 0.5839510560035706, 0.39049839973449707, 0.4967256784439087, 0.48036184906959534, 0.46992969512939453, 0.5497766137123108, 0.4496574401855469, 0.46590450406074524, 0.5080172419548035, 0.36003920435905457, 0.4245942234992981, 0.6700607538223267, 0.5275639295578003, 0.47516974806785583, 0.589318037033081, 0.4371894598007202, 0.4389827847480774, 0.5150699019432068, 0.3756990432739258, 0.4844433665275574, 0.5151634216308594, 0.44720372557640076]",0001010110011101111100101100000000001110001000010010011010010010,0001000101111100000001100000001110011101000101001010011000111111
"[0.5419431328773499, 0.5319615006446838, 0.6467581987380981, 0.6537590026855469, 0.3577667474746704, 0.2491801530122757, 0.643344521522522, 0.43935975432395935, 0.7885947227478027, 0.4395771920681, 0.21415624022483826, 0.43532100319862366, 0.3238320052623749, 0.6069071888923645, 0.4920024275779724, 0.5820544958114624, 0.3275226056575775, 0.5886912941932678, 0.4009917676448822, 0.5821762681007385, 0.2347763329744339, 0.5255458950996399, 0.3133273124694824, 0.5462716221809387, 0.3064243197441101, 0.4763071835041046, 0.6952851414680481, 0.7802133560180664, 0.621601402759552, 0.632539689540863, 0.5151363611221313, 0.6089673638343811, 0.6351189613342285, 0.6554792523384094, 0.5712816119194031, 0.3281072974205017, 0.2841666638851166, 0.5285784006118774, 0.4623914659023285, 0.4494253695011139, 0.6878955364227295, 0.47861984372138977, 0.253487765789032, 0.6118307113647461, 0.5505737066268921, 0.3054737448692322, 0.6515172719955444, 0.6028826236724854, 0.6594700217247009, 0.41856110095977783, 0.4134555160999298, 0.6842399835586548, 0.9616318345069885, 0.38226673007011414, 0.6843306422233582, 0.5676453113555908, 0.5160683989524841, 0.5975781679153442, 0.40367186069488525, 0.42320317029953003, 0.7058387994766235, 0.4192344546318054, 0.5814913511276245, 0.7210532426834106]",1111001010000101010101010011111111100100100110111001101111001011,1111001011011110110011000111110010100110100000000111111111101110
"[0.5319799780845642, 0.5085225105285645, 0.5408735275268555, 0.5657588839530945, 0.4154760539531708, 0.41001829504966736, 0.5821515917778015, 0.4826570153236389, 0.6183608770370483, 0.4408947825431824, 0.35918158292770386, 0.5051456689834595, 0.45218491554260254, 0.5356398224830627, 0.48139262199401855, 0.5488408803939819, 0.42894062399864197, 0.5769656896591187, 0.4619683623313904, 0.5067539215087891, 0.3897632658481598, 0.47244134545326233, 0.39628589153289795, 0.5271850824356079, 0.39176636934280396, 0.4788442552089691, 0.5751829147338867, 0.6224707961082458, 0.519124448299408, 0.5062649846076965, 0.5143739581108093, 0.5442350506782532, 0.5304889678955078, 0.5564173460006714, 0.5551773905754089, 0.42356669902801514, 0.4396614134311676, 0.47850140929222107, 0.4757099747657776, 0.4628978967666626, 0.5750408172607422, 0.47098255157470703, 0.4276311695575714, 0.5430819988250732, 0.5095962285995483, 0.4186303913593292, 0.5489678978919983, 0.5181208252906799, 0.5500867962837219, 0.5119174122810364, 0.46767666935920715, 0.5451850891113281, 0.7554925680160522, 0.4608745872974396, 0.5832234621047974, 0.5348830223083496, 0.5243512392044067, 0.49034303426742554, 0.4936988055706024, 0.4731521010398865, 0.5742340087890625, 0.4766509234905243, 0.5425888299942017, 0.5907137393951416]",1111001010010101010100010011111111100000100110111101101110001011,0111001000011110110011011001001111000011000010110101110111110001
"[0.48403286933898926, 0.5116548538208008, 0.37996095418930054, 0.4989694654941559, 0.399861216545105, 0.6880944967269897, 0.6331077218055725, 0.3904343247413635, 0.501686692237854, 0.40182483196258545, 0.47138482332229614, 0.5421420931816101, 0.5092869997024536, 0.48854097723960876, 0.4462643563747406, 0.5633023381233215, 0.5273536443710327, 0.6254947185516357, 0.4772026538848877, 0.49291425943374634, 0.5158149600028992, 0.45811861753463745, 0.44162026047706604, 0.46832984685897827, 0.5378130078315735, 0.48094886541366577, 0.4567916691303253, 0.43065622448921204, 0.4154548645019531, 0.4122951030731201, 0.5359317660331726, 0.46405166387557983, 0.36434680223464966, 0.4465375542640686, 0.5593891143798828, 0.537277340888977, 0.6208940744400024, 0.3799925446510315, 0.41266971826553345, 0.37606319785118103, 0.48766666650772095, 0.4600429832935333, 0.6224424242973328, 0.4589707851409912, 0.5280313491821289, 0.6297995448112488, 0.4222089648246765, 0.511920690536499, 0.36202892661094666, 0.5638185143470764, 0.47069817781448364, 0.3605566620826721, 0.316474974155426, 0.6436589956283569, 0.5138992071151733, 0.5345290899276733, 0.6561161875724792, 0.48081570863723755, 0.46483203768730164, 0.5078405737876892, 0.41485685110092163, 0.4418242275714874, 0.4851208031177521, 0.4425116181373596]",0100011010011001110010001000001000111000001011010100011110010000,0101100100011011001000101001111000000011111001000110100011111101
"[0.5215805768966675, 0.5530455708503723, 0.4374038577079773, 0.3515755534172058, 0.5262662768363953, 0.5338016748428345, 0.5828610062599182, 0.5088987350463867, 0.3379512131214142, 0.612163782119751, 0.6665634512901306, 0.5136425495147705, 0.5154970288276672, 0.41975411772727966, 0.5574517846107483, 0.46218785643577576, 0.5475152730941772, 0.4614371359348297, 0.5383988618850708, 0.4824962913990021, 0.5963804721832275, 0.617688775062561, 0.3219437003135681, 0.5512524247169495, 0.4000724256038666, 0.40818992257118225, 0.44960829615592957, 0.45150086283683777, 0.44130218029022217, 0.4774664342403412, 0.4415544867515564, 0.42967328429222107, 0.4318266808986664, 0.46334144473075867, 0.4926007091999054, 0.5084275007247925, 0.4454791247844696, 0.3851371705532074, 0.34141117334365845, 0.5428776144981384, 0.3821125328540802, 0.41703635454177856, 0.6968140602111816, 0.5091468691825867, 0.4915749132633209, 0.6825819611549377, 0.32774266600608826, 0.41580939292907715, 0.38287970423698425, 0.562818706035614, 0.5132895112037659, 0.5245559215545654, 0.1706569492816925, 0.5003981590270996, 0.4561369717121124, 0.5597240328788757, 0.4923962354660034, 0.5547282695770264, 0.676767110824585, 0.4933334290981293, 0.45146802067756653, 0.5871914625167847, 0.45502716302871704, 0.5156638622283936]",1100111101111010101011010000000000010001001101000111010101100101,1011111110101010010010011000011001100111001111000001000000000010
"[0.5496295094490051, 0.5486201047897339, 0.5022596716880798, 0.5993279218673706, 0.3740650713443756, 0.36618921160697937, 0.5022262930870056, 0.43431901931762695, 0.5831635594367981, 0.4822008013725281, 0.3377271592617035, 0.48198822140693665, 0.42329004406929016, 0.5367223024368286, 0.46494540572166443, 0.5632244944572449, 0.4034920632839203, 0.5299578905105591, 0.3514522910118103, 0.5857416987419128, 0.3639824092388153, 0.49226921796798706, 0.47106918692588806, 0.49160313606262207, 0.540110170841217, 0.5463995337486267, 0.6771461367607117, 0.5854515433311462, 0.5802070498466492, 0.4588475525379181, 0.4423922300338745, 0.5724427700042725, 0.5579137206077576, 0.5890700221061707, 0.5405459403991699, 0.32042205333709717, 0.39691680669784546, 0.5954351425170898, 0.5332456827163696, 0.4455197751522064, 0.629127562046051, 0.5189816951751709, 0.3572152853012085, 0.4875490963459015, 0.4724395275115967, 0.3298349678516388, 0.6168856620788574, 0.5845771431922913, 0.5676481127738953, 0.39668577909469604, 0.4263269305229187, 0.5147761702537537, 0.8367665410041809, 0.524448812007904, 0.6411610841751099, 0.5339102745056152, 0.6053811311721802, 0.5001816749572754, 0.4667793810367584, 0.5375710725784302, 0.596257746219635, 0.44119954109191895, 0.5327264666557312, 0.6446062326431274]",1111001010000101010100001111100111100110110000111001111111011011,1010011011101101010101110010100000101000100000111001110011100100
"[0.43074336647987366, 0.4104868769645691, 0.4182274043560028, 0.5697705149650574, 0.5984096527099609, 0.7809150218963623, 0.38640961050987244, 0.6482611298561096, 0.606118381023407, 0.45634135603904724, 0.39473262429237366, 0.5302568078041077, 0.5061173439025879, 0.5571263432502747, 0.4051622152328491, 0.6315283179283142, 0.5471306443214417, 0.5158517360687256, 0.7179335951805115, 0.6420292854309082, 0.48127058148384094, 0.3554786741733551, 0.8112695217132568, 0.3014585077762604, 0.4891607463359833, 0.35167407989501953, 0.25762149691581726, 0.5196464657783508, 0.49144020676612854, 0.5634746551513672, 0.5346678495407104, 0.5440468192100525, 0.49532032012939453, 0.4301682710647583, 0.4541581869125366, 0.7146074175834656, 0.6300051212310791, 0.5473276972770691, 0.642305314540863, 0.47050705552101135, 0.38586103916168213, 0.6490423083305359, 0.4760880172252655, 0.33799153566360474, 0.5106552243232727, 0.5805813670158386, 0.6057823300361633, 0.46761712431907654, 0.6278901696205139, 0.5452417731285095, 0.49917760491371155, 0.3635921776294708, 0.5064188241958618, 0.5671965479850769, 0.46215206384658813, 0.5051609873771667, 0.33863526582717896, 0.45468631386756897, 0.39278173446655273, 0.4204311966896057, 0.46985548734664917, 0.5254537463188171, 0.522220253944397, 0.4434199631214142]",0001110110011101111100100001011100011110010011101100110100000110,1011010110100100111100110000101110100111001010011100110111011110
"[0.487148255109787, 0.5482749938964844, 0.3799743354320526, 0.4753340482711792, 0.4482566714286804, 0.711492657661438, 0.6553065776824951, 0.3549652695655823, 0.46263179183006287, 0.3971758484840393, 0.5284773111343384, 0.547473669052124, 0.48013249039649963, 0.503086268901825, 0.44322675466537476, 0.562041163444519, 0.5198507308959961, 0.6194427013397217, 0.4599933624267578, 0.5270351767539978, 0.5494627356529236, 0.48923853039741516, 0.401312917470932, 0.48109185695648193, 0.5668409466743469, 0.46407949924468994, 0.434176504611969, 0.3997234106063843, 0.42496299743652344, 0.41881322860717773, 0.5558942556381226, 0.471633642911911, 0.36259812116622925, 0.43338972330093384, 0.5684932470321655, 0.5662592053413391, 0.5872465372085571, 0.36565372347831726, 0.41920384764671326, 0.38614970445632935, 0.49430784583091736, 0.4719907343387604, 0.6360149383544922, 0.468761146068573, 0.5232365131378174, 0.6830171346664429, 0.4368323087692261, 0.5231793522834778, 0.34137657284736633, 0.5589806437492371, 0.46123722195625305, 0.38186928629875183, 0.2569299638271332, 0.6408430933952332, 0.5310456156730652, 0.526674211025238, 0.6789969205856323, 0.5501626133918762, 0.4528229236602783, 0.5323323607444763, 0.4316428303718567, 0.44681036472320557, 0.45892593264579773, 0.43632838129997253]",0100011000110101110110001000001000111000001011010100011111010000,1011111001000000010000101001000001001001011011111110001011100001
"[0.5408507585525513, 0.5345860719680786, 0.5120137333869934, 0.5812638401985168, 0.39933598041534424, 0.403581827878952, 0.5368250608444214, 0.45143449306488037, 0.5869671106338501, 0.46085235476493835, 0.3581599295139313, 0.4995155334472656, 0.4408756494522095, 0.5344550013542175, 0.46892470121383667, 0.559452474117279, 0.4188897907733917, 0.5534900426864624, 0.40189048647880554, 0.5498107671737671, 0.3866543173789978, 0.4817332923412323, 0.4403805434703827, 0.5061445236206055, 0.48485925793647766, 0.5167234539985657, 0.6204787492752075, 0.5915895104408264, 0.5466744303703308, 0.47196364402770996, 0.4757889211177826, 0.5558338165283203, 0.5348884463310242, 0.5659419894218445, 0.5462936162948608, 0.3745741546154022, 0.4234480857849121, 0.537199854850769, 0.5110719203948975, 0.45103567838668823, 0.6007315516471863, 0.49657759070396423, 0.40003472566604614, 0.5070262551307678, 0.4863433241844177, 0.38153135776519775, 0.5835451483726501, 0.550539493560791, 0.5513178706169128, 0.4546636641025543, 0.4474898874759674, 0.5160785913467407, 0.7831785082817078, 0.5015722513198853, 0.6125777363777161, 0.5336788296699524, 0.5781708359718323, 0.4957476854324341, 0.47908949851989746, 0.5100987553596497, 0.5769854784011841, 0.4573144316673279, 0.5320184826850891, 0.6100521087646484]",1111001010000101010100010111100111100110100100111001111110011011,1110001100001111000110011000110100100110100110111111001110110011
"[0.4861063063144684, 0.5056125521659851, 0.4026689827442169, 0.529471218585968, 0.36843761801719666, 0.5941293835639954, 0.5522391200065613, 0.4325975775718689, 0.5098949074745178, 0.4288577735424042, 0.4224691390991211, 0.5357697010040283, 0.52121901512146, 0.4927213788032532, 0.4517810046672821, 0.5498679876327515, 0.5085847973823547, 0.5986713767051697, 0.4459037482738495, 0.4830056428909302, 0.4701797664165497, 0.44437655806541443, 0.4907366931438446, 0.4714377224445343, 0.5500198006629944, 0.5371367335319519, 0.5338509678840637, 0.4590105712413788, 0.4588792324066162, 0.3930909335613251, 0.5014842748641968, 0.4787708818912506, 0.40268051624298096, 0.4861174523830414, 0.5501878261566162, 0.45203709602355957, 0.5865174531936646, 0.4505262076854706, 0.45260557532310486, 0.39751461148262024, 0.512978732585907, 0.4672228991985321, 0.5642685294151306, 0.4602830111980438, 0.49450111389160156, 0.5010762214660645, 0.4623893201351166, 0.5223633050918579, 0.4193160831928253, 0.5164073705673218, 0.4788546860218048, 0.3857881426811218, 0.4537490904331207, 0.6262605786323547, 0.5363079309463501, 0.5185031294822693, 0.6450716853141785, 0.4369683861732483, 0.48477092385292053, 0.5201541185379028, 0.42974919080734253, 0.4480125308036804, 0.5027812123298645, 0.4822678864002228]",0101011010011001110000001110001000101000101001010100011110010010,0101000100010110001111011011001101010000011100100110110110000101
"[0.5093084573745728, 0.4560070335865021, 0.5356007814407349, 0.5118200182914734, 0.4095601737499237, 0.42381322383880615, 0.6067846417427063, 0.5480022430419922, 0.5950120091438293, 0.44539761543273926, 0.4020251929759979, 0.5097947120666504, 0.5247573256492615, 0.5104170441627502, 0.5118731260299683, 0.49089211225509644, 0.479891836643219, 0.6009737253189087, 0.5383269190788269, 0.40951722860336304, 0.4098970293998718, 0.4511133134365082, 0.3679380714893341, 0.5574954748153687, 0.2867194414138794, 0.46148988604545593, 0.5349173545837402, 0.6002948880195618, 0.47345417737960815, 0.5156198143959045, 0.5477434992790222, 0.4895652234554291, 0.4973127543926239, 0.5251159071922302, 0.5748357772827148, 0.4699312448501587, 0.5143438577651978, 0.4004819989204407, 0.39687931537628174, 0.48349982500076294, 0.508773684501648, 0.42458224296569824, 0.5078294277191162, 0.566968560218811, 0.5250498056411743, 0.45002397894859314, 0.4458155035972595, 0.45828312635421753, 0.5127875208854675, 0.5764542818069458, 0.5148072838783264, 0.5683601498603821, 0.5962550044059753, 0.4444875419139862, 0.49393367767333984, 0.5285059809684753, 0.4609527885913849, 0.4359288215637207, 0.5482687950134277, 0.4540248215198517, 0.5235245227813721, 0.5124198198318481, 0.5476919412612915, 0.530580997467041]",1011001110011110011000010011011001101000101110001111100100101111,1101101110100000010000010101101011101101001100101010000010001100
"[0.370650976896286, 0.3786633610725403, 0.3878510892391205, 0.5972756147384644, 0.3989288806915283, 0.44139453768730164, 0.13621675968170166, 0.7128256559371948, 0.5161150097846985, 0.6275128126144409, 0.37898340821266174, 0.4771512448787689, 0.4709429442882538, 0.5858944058418274, 0.49337834119796753, 0.4697396159172058, 0.5994614958763123, 0.40163561701774597, 0.55263352394104, 0.6083560585975647, 0.4116777777671814, 0.45978468656539917, 0.8908407092094421, 0.275490939617157, 0.7277032136917114, 0.7111237645149231, 0.5552428364753723, 0.4021674394607544, 0.6707202196121216, 0.43387463688850403, 0.3672216236591339, 0.5391550064086914, 0.37866130471229553, 0.5681301355361938, 0.3152095377445221, 0.29841864109039307, 0.6120067834854126, 0.7815596461296082, 0.6280158162117004, 0.5191584229469299, 0.40429285168647766, 0.5195940136909485, 0.48159557580947876, 0.26707980036735535, 0.4293179214000702, 0.25411924719810486, 0.5486970543861389, 0.592522919178009, 0.5570181608200073, 0.26147520542144775, 0.555943489074707, 0.46539875864982605, 0.6182023882865906, 0.7154757380485535, 0.5148612260818481, 0.3835156261920929, 0.4150635302066803, 0.4345899820327759, 0.42630353569984436, 0.5849125981330872, 0.35012388229370117, 0.6008949875831604, 0.5258740186691284, 0.4974880814552307]",0001000111000100101100101110100101001111010000111010111000010110,0100000101001110000101101000010001010110011110110101110000101100
"[0.5315533876419067, 0.5067123174667358, 0.5468152761459351, 0.5674394965171814, 0.4142472445964813, 0.40244314074516296, 0.5845766067504883, 0.4844936430454254, 0.6255140900611877, 0.44101545214653015, 0.3541280925273895, 0.5024426579475403, 0.4496719241142273, 0.5380840301513672, 0.4826577305793762, 0.5479336380958557, 0.42678752541542053, 0.5772311091423035, 0.46350356936454773, 0.5065150856971741, 0.3836997449398041, 0.4731924533843994, 0.3919990062713623, 0.5287986397743225, 0.38348063826560974, 0.4776485562324524, 0.57796710729599, 0.6301478147506714, 0.5225966572761536, 0.5125490427017212, 0.5161734223365784, 0.5454260110855103, 0.5349979400634766, 0.5590843558311462, 0.5556914210319519, 0.422025591135025, 0.4351227581501007, 0.47863298654556274, 0.4737929403781891, 0.46478021144866943, 0.5773019790649414, 0.47046977281570435, 0.4220356345176697, 0.5474916100502014, 0.5118181705474854, 0.41447511315345764, 0.5503588914871216, 0.5184675455093384, 0.5544475317001343, 0.5111881494522095, 0.46729913353919983, 0.5525386929512024, 0.7665281295776367, 0.4559384286403656, 0.5844458341598511, 0.535575807094574, 0.5193688273429871, 0.4922867715358734, 0.4920865297317505, 0.4696604907512665, 0.5786370635032654, 0.47630417346954346, 0.5445463061332703, 0.5947927832603455]",1111001010010101010100010011111111100000100110111101101110001011,0001001101100101000011010111000100010000111000110101101101010101
"[0.48018813133239746, 0.6773198246955872, 0.386921763420105, 0.3951086103916168, 0.6324704885482788, 0.6159552335739136, 0.5754011869430542, 0.39895209670066833, 0.26729869842529297, 0.48989367485046387, 0.7076159119606018, 0.6012238264083862, 0.4093835949897766, 0.5196036100387573, 0.525547981262207, 0.5210587978363037, 0.46162351965904236, 0.500360369682312, 0.42919501662254333, 0.6184384226799011, 0.5940888524055481, 0.6451150178909302, 0.2794915437698364, 0.5523466467857361, 0.6075469851493835, 0.4577285349369049, 0.41686058044433594, 0.36018481850624084, 0.5440862774848938, 0.43979862332344055, 0.550084114074707, 0.48372119665145874, 0.3933054804801941, 0.4442405104637146, 0.5236916542053223, 0.49284157156944275, 0.34900036454200745, 0.3817734718322754, 0.4862838685512543, 0.5538001656532288, 0.48574480414390564, 0.4625953435897827, 0.69203120470047, 0.5013160109519958, 0.42706066370010376, 0.7341354489326477, 0.46209120750427246, 0.522427499294281, 0.33472442626953125, 0.5335785746574402, 0.514757513999939, 0.6097003817558289, 0.142070934176445, 0.4976104199886322, 0.6108897924423218, 0.5057030916213989, 0.6917104721069336, 0.7519935965538025, 0.5647963881492615, 0.56767737865448, 0.47655317187309265, 0.5879080891609192, 0.404430627822876, 0.4909782111644745]",0100111000110111010111011000101000100001001101010111001111110100,0101111001001010000111000100001111101010000000010110001001010110
"[0.4545472264289856, 0.48779189586639404, 0.38404539227485657, 0.511780858039856, 0.3963402509689331, 0.697050929069519, 0.5285708904266357, 0.4329201877117157, 0.5112589001655579, 0.42539235949516296, 0.4302912950515747, 0.5289767384529114, 0.5200271010398865, 0.49045705795288086, 0.41869354248046875, 0.5626577138900757, 0.5535584688186646, 0.6098339557647705, 0.48921141028404236, 0.5170459747314453, 0.49549034237861633, 0.43432560563087463, 0.5779584646224976, 0.40367811918258667, 0.6105663776397705, 0.5267621278762817, 0.46370598673820496, 0.4408408999443054, 0.4352656602859497, 0.3885747790336609, 0.5105482339859009, 0.47118330001831055, 0.37421271204948425, 0.46191081404685974, 0.5195030570030212, 0.5213332176208496, 0.6495844125747681, 0.4512379765510559, 0.47041067481040955, 0.3829647898674011, 0.471512109041214, 0.49526867270469666, 0.6001328825950623, 0.4330088794231415, 0.5180830955505371, 0.5608096718788147, 0.4544127881526947, 0.5423010587692261, 0.3997343182563782, 0.5202258229255676, 0.4730106294155121, 0.3233643174171448, 0.3717087507247925, 0.6751769781112671, 0.5309113264083862, 0.5082718133926392, 0.6481189131736755, 0.4483151137828827, 0.4303392767906189, 0.5143099427223206, 0.39390918612480164, 0.42613714933395386, 0.49511560797691345, 0.4332771599292755]",0001011010011001110100101100001000111000001011010100011110010000,0101011111101000011011101010111000001011101010101001000101101101
"[0.4997549057006836, 0.37761762738227844, 0.6247816681861877, 0.3880409896373749, 0.4165339171886444, 0.3126818537712097, 0.57207852602005, 0.6591631770133972, 0.5457583069801331, 0.5906867384910583, 0.46517401933670044, 0.43379276990890503, 0.6099637150764465, 0.46622276306152344, 0.5745502710342407, 0.3282168507575989, 0.556669294834137, 0.5547836422920227, 0.5879433751106262, 0.32018017768859863, 0.4094024896621704, 0.4928094148635864, 0.34421291947364807, 0.6105957627296448, 0.1680016815662384, 0.458988219499588, 0.583284318447113, 0.6392878890037537, 0.46566444635391235, 0.5650565028190613, 0.49660781025886536, 0.423337459564209, 0.5532873272895813, 0.5230523943901062, 0.5930843949317932, 0.4887833893299103, 0.49269676208496094, 0.3719896078109741, 0.27708742022514343, 0.5760140419006348, 0.4474145770072937, 0.426801860332489, 0.5338801741600037, 0.6306886672973633, 0.5235303044319153, 0.40290918946266174, 0.326876699924469, 0.4143493175506592, 0.5277799367904663, 0.5711523294448853, 0.536348819732666, 0.6572328209877014, 0.48494255542755127, 0.39054688811302185, 0.39642688632011414, 0.5324085354804993, 0.3068476915359497, 0.3734019696712494, 0.6609570384025574, 0.44538503885269165, 0.4795078933238983, 0.5267316102981567, 0.5301288962364197, 0.5233805775642395]",0010001111001010111000010011010011100001001110001111000100100111,1010011100001000010110100111011010111101100000001111110101110100
"[0.5643629431724548, 0.6110164523124695, 0.5602182745933533, 0.6101775765419006, 0.7806124091148376, 0.945207953453064, 0.5334533452987671, 0.38643112778663635, 0.7032973170280457, 0.21399946510791779, 0.46406614780426025, 0.5409947037696838, 0.44173529744148254, 0.6475619673728943, 0.2629464864730835, 0.7586724758148193, 0.42345014214515686, 0.47893303632736206, 0.6264016628265381, 0.695733904838562, 0.6065344214439392, 0.16864316165447235, 0.8550528287887573, 0.33090317249298096, 0.483597069978714, 0.13188254833221436, 0.1714998036623001, 0.4090312719345093, 0.5644171833992004, 0.6646575331687927, 0.6464148163795471, 0.6420449614524841, 0.7870128750801086, 0.45533522963523865, 0.726513683795929, 0.9602592587471008, 0.4253079891204834, 0.5681859850883484, 0.6930612325668335, 0.4575783312320709, 0.5276115536689758, 0.9212372899055481, 0.19638748466968536, 0.4665820598602295, 0.3749300241470337, 0.637436032295227, 0.8746335506439209, 0.47178059816360474, 0.7578731179237366, 0.5252757668495178, 0.38180434703826904, 0.36687323451042175, 0.5851258635520935, 0.536202073097229, 0.5690299868583679, 0.3895515501499176, 0.26769566535949707, 0.42888158559799194, 0.23579804599285126, 0.4541555941104889, 0.7534821033477783, 0.3255731761455536, 0.3584078848361969, 0.541742205619812]",1111111010010101001110100000111110110110110001101100111000001001,1110010000010101011101110001111100011110010011100110100011000010
"[0.5155931115150452, 0.4442327916622162, 0.6645252108573914, 0.22378762066364288, 0.5289489030838013, 0.28209948539733887, 0.46196886897087097, 0.6774406433105469, 0.31460511684417725, 0.8225483298301697, 0.6734511852264404, 0.3419381082057953, 0.6247817873954773, 0.356362521648407, 0.6139400601387024, 0.22023527324199677, 0.6398453712463379, 0.3704790472984314, 0.5731366276741028, 0.37151309847831726, 0.5572742223739624, 0.6704575419425964, 0.3654109239578247, 0.6203632950782776, 0.2261291891336441, 0.4472491145133972, 0.5888658761978149, 0.6020501255989075, 0.43849849700927734, 0.5379220247268677, 0.3355524241924286, 0.36809563636779785, 0.6006870865821838, 0.5119904279708862, 0.516268789768219, 0.4980734586715698, 0.36504867672920227, 0.4212431013584137, 0.22993971407413483, 0.6775208115577698, 0.32643577456474304, 0.49055153131484985, 0.6439627408981323, 0.6330032348632812, 0.485024094581604, 0.48534125089645386, 0.23471733927726746, 0.3964288830757141, 0.49274492263793945, 0.5080057382583618, 0.5158867835998535, 0.6347383260726929, 0.21195995807647705, 0.4168011248111725, 0.37125447392463684, 0.5649766325950623, 0.26130542159080505, 0.42592141032218933, 0.8128424286842346, 0.48149698972702026, 0.41629716753959656, 0.5414661169052124, 0.4322531521320343, 0.5465400815010071]",1010100101101010101011010011010011100001001100000111000100100101,0010010101011100100001000110110001110010001000001111010100011111
"[0.519001305103302, 0.5639619827270508, 0.4254142642021179, 0.3567671477794647, 0.5325633883476257, 0.5457007884979248, 0.5850220918655396, 0.4955775737762451, 0.33259621262550354, 0.6025504469871521, 0.67104572057724, 0.5224259495735168, 0.5052968263626099, 0.42629823088645935, 0.554729700088501, 0.4740961492061615, 0.5410990118980408, 0.463442862033844, 0.5310119390487671, 0.49640393257141113, 0.5980903506278992, 0.6213538646697998, 0.3192199468612671, 0.5474432706832886, 0.4212735593318939, 0.41030794382095337, 0.44233840703964233, 0.4389396011829376, 0.44735226035118103, 0.47375279664993286, 0.4497501254081726, 0.4344880282878876, 0.4242396652698517, 0.4597659409046173, 0.4907519817352295, 0.50638347864151, 0.44161856174468994, 0.3850579559803009, 0.3529967963695526, 0.5398198366165161, 0.3880942761898041, 0.41778939962387085, 0.6981473565101624, 0.5034001469612122, 0.4887720048427582, 0.6919429302215576, 0.3368569314479828, 0.4233298897743225, 0.3751266300678253, 0.5607553720474243, 0.5147255659103394, 0.5248711705207825, 0.16675199568271637, 0.5049256086349487, 0.4666684567928314, 0.5582402944564819, 0.5135465860366821, 0.573225200176239, 0.6672220826148987, 0.4977891147136688, 0.4526456296443939, 0.5882850885391235, 0.45065513253211975, 0.5130444765090942]",1100111001111010101011010000000000010001001101000111010111100101,1110100001011010111100001011101100111101101001000111110001011100
"[0.4712759852409363, 0.5057029128074646, 0.40368521213531494, 0.49401023983955383, 0.4449479877948761, 0.7751355767250061, 0.6028438210487366, 0.397204726934433, 0.5328368544578552, 0.38787806034088135, 0.4566587805747986, 0.5154698491096497, 0.5094813704490662, 0.49670881032943726, 0.39019525051116943, 0.5789626836776733, 0.5542032718658447, 0.6268683671951294, 0.5067129135131836, 0.5425722599029541, 0.526543378829956, 0.40479573607444763, 0.5591188669204712, 0.40327611565589905, 0.5689038038253784, 0.44006505608558655, 0.39817675948143005, 0.43925246596336365, 0.4104635715484619, 0.4223206043243408, 0.559848427772522, 0.4787410497665405, 0.39893555641174316, 0.43742474913597107, 0.5671960115432739, 0.6412104964256287, 0.65180504322052, 0.40338799357414246, 0.465657114982605, 0.3698873519897461, 0.4682321846485138, 0.5484872460365295, 0.5927383899688721, 0.45871442556381226, 0.5366061925888062, 0.631186842918396, 0.4787364602088928, 0.5226299166679382, 0.40188536047935486, 0.5593487620353699, 0.4418210983276367, 0.304372102022171, 0.33263611793518066, 0.6700846552848816, 0.527794361114502, 0.5116953253746033, 0.6260625720024109, 0.4692608416080475, 0.39995551109313965, 0.5161503553390503, 0.43199798464775085, 0.39756760001182556, 0.4810505211353302, 0.4200419783592224]",0100011010011001111110101000001000111000011011010100011110010000,0101011101110010111100100110001010010101110101111111011000010111
"[0.48630616068840027, 0.5069759488105774, 0.40427446365356445, 0.5316791534423828, 0.3680926561355591, 0.5838739275932312, 0.5422661900520325, 0.4357033967971802, 0.5070511102676392, 0.4338684678077698, 0.4203745722770691, 0.5338046550750732, 0.5207030773162842, 0.493060439825058, 0.4520092308521271, 0.5485525131225586, 0.5066863894462585, 0.5934287309646606, 0.4409182369709015, 0.4855095148086548, 0.4669235348701477, 0.44497424364089966, 0.4968637228012085, 0.47134214639663696, 0.5556585192680359, 0.5426104664802551, 0.541531503200531, 0.45970475673675537, 0.46498075127601624, 0.39125746488571167, 0.49677780270576477, 0.48140662908554077, 0.40757042169570923, 0.48996978998184204, 0.5481287837028503, 0.4429379999637604, 0.5811315774917603, 0.4599224328994751, 0.4586201310157776, 0.40057051181793213, 0.5159443020820618, 0.46960902214050293, 0.5579599738121033, 0.4592617154121399, 0.49070918560028076, 0.48827502131462097, 0.46860507130622864, 0.5245596766471863, 0.4247238039970398, 0.5090017914772034, 0.47905802726745605, 0.38867098093032837, 0.4665660858154297, 0.6253859400749207, 0.539557158946991, 0.5166223049163818, 0.6449639797210693, 0.43514642119407654, 0.4858137369155884, 0.5233812928199768, 0.43255534768104553, 0.44868066906929016, 0.5028124451637268, 0.4868055582046509]",0101011010011001110000001110000000101000101000010100011110010010,0001011010110000011101000110101011100000110010010000011010111000
"[0.5086418390274048, 0.4677203893661499, 0.4518871009349823, 0.48552995920181274, 0.4041678011417389, 0.54087233543396, 0.6397954821586609, 0.4912782311439514, 0.5348745584487915, 0.44333240389823914, 0.46294665336608887, 0.5314186811447144, 0.533587634563446, 0.48134127259254456, 0.5074803233146667, 0.5077216625213623, 0.5110635757446289, 0.6057890057563782, 0.5337379574775696, 0.41142895817756653, 0.4823088049888611, 0.46458446979522705, 0.36929452419281006, 0.5402541160583496, 0.34944435954093933, 0.45622435212135315, 0.49104923009872437, 0.513916015625, 0.4250592887401581, 0.4751587212085724, 0.5303266048431396, 0.456860214471817, 0.41823309659957886, 0.4784072935581207, 0.5646097660064697, 0.5051298141479492, 0.5741985440254211, 0.3681490123271942, 0.362321138381958, 0.43941766023635864, 0.47032028436660767, 0.40935471653938293, 0.5977820754051208, 0.5145578980445862, 0.5314362049102783, 0.5719449520111084, 0.3857395350933075, 0.4517969489097595, 0.4261859059333801, 0.5967006683349609, 0.5043092370033264, 0.48040807247161865, 0.39067625999450684, 0.5215747952461243, 0.46700993180274963, 0.5432240962982178, 0.5210240483283997, 0.4455680549144745, 0.5577104091644287, 0.46873220801353455, 0.46371960639953613, 0.5153983235359192, 0.5239010453224182, 0.4862796664237976]",1000011010011011111000010001001000111000001111000110010110100110,0100101001001011101111000001001010101100100000010111110110011010
"[0.5406118631362915, 0.5209245085716248, 0.5515483021736145, 0.5887057185173035, 0.408021479845047, 0.3816876709461212, 0.5799211263656616, 0.4615250825881958, 0.6442517042160034, 0.44668206572532654, 0.3303517699241638, 0.49338147044181824, 0.41907501220703125, 0.5474081039428711, 0.47426941990852356, 0.5641335248947144, 0.40532055497169495, 0.5704763531684875, 0.43334779143333435, 0.5415874719619751, 0.36341676115989685, 0.4825345277786255, 0.3972901701927185, 0.5198438763618469, 0.4095117449760437, 0.48488649725914, 0.605080783367157, 0.647753894329071, 0.5433316826820374, 0.5189953446388245, 0.5011447668075562, 0.564128041267395, 0.551364541053772, 0.5754748582839966, 0.5506606698036194, 0.3947943150997162, 0.40463337302207947, 0.5085027813911438, 0.49223923683166504, 0.4558210074901581, 0.6036232709884644, 0.4830969274044037, 0.3831295669078827, 0.5421106815338135, 0.5102308392524719, 0.394252747297287, 0.5849574208259583, 0.5461224913597107, 0.5715956687927246, 0.4807523787021637, 0.4465622305870056, 0.5548500418663025, 0.82586270570755, 0.4575333297252655, 0.6161597967147827, 0.5421426296234131, 0.537886917591095, 0.5132672190666199, 0.47197771072387695, 0.47238674759864807, 0.6032665967941284, 0.4615209102630615, 0.5461240410804749, 0.6250931620597839]",1111001010000101010100010011111111100100100110111001101111001011,1010001111000100010001010011101100100010101000100010011010000010
"[0.5430203080177307, 0.5281534790992737, 0.5346750617027283, 0.5869058966636658, 0.4059406816959381, 0.38999083638191223, 0.5621579885482788, 0.45478296279907227, 0.6210309863090515, 0.45294493436813354, 0.3419259786605835, 0.4962698519229889, 0.42555785179138184, 0.5422280430793762, 0.47113460302352905, 0.5644063353538513, 0.40854933857917786, 0.5625524520874023, 0.4181981384754181, 0.5478893518447876, 0.37404921650886536, 0.48242995142936707, 0.4149875044822693, 0.5134978294372559, 0.4428342878818512, 0.4969954788684845, 0.6125609278678894, 0.6243037581443787, 0.544732391834259, 0.4988290071487427, 0.4897937774658203, 0.5623263716697693, 0.5450091361999512, 0.5722304582595825, 0.5487314462661743, 0.3858611583709717, 0.41067343950271606, 0.5224453806877136, 0.5015079379081726, 0.45312774181365967, 0.6035810708999634, 0.48976805806159973, 0.38917723298072815, 0.5266140699386597, 0.49971845746040344, 0.3895241320133209, 0.5865134596824646, 0.5496419668197632, 0.5641385316848755, 0.46947628259658813, 0.44531193375587463, 0.5376729369163513, 0.8108989596366882, 0.47522926330566406, 0.6166620850563049, 0.5396391749382019, 0.556352972984314, 0.5069591403007507, 0.4754376709461212, 0.48912784457206726, 0.5945037007331848, 0.46011435985565186, 0.5399363040924072, 0.6214756965637207]",1111001010000101010100010011100111100110100100111001101111001011,1100101001000100010001100101101011011010101110110011110001101000
"[0.3529284596443176, 0.35226425528526306, 0.39483317732810974, 0.5939207673072815, 0.44953522086143494, 0.5235329866409302, 0.1423678994178772, 0.7479366064071655, 0.5472315549850464, 0.6048387885093689, 0.36322420835494995, 0.4954288899898529, 0.47091835737228394, 0.5897496342658997, 0.4641955494880676, 0.503578782081604, 0.6129059195518494, 0.44187575578689575, 0.6486003398895264, 0.6204149127006531, 0.4156345725059509, 0.4487585723400116, 0.8981649279594421, 0.25079968571662903, 0.6974439024925232, 0.6655354499816895, 0.4565105736255646, 0.45020005106925964, 0.625881016254425, 0.46318134665489197, 0.3991120159626007, 0.5328088402748108, 0.3619081974029541, 0.5339415073394775, 0.2978757321834564, 0.3696031868457794, 0.6517421007156372, 0.7469137907028198, 0.6469918489456177, 0.5178533792495728, 0.36919984221458435, 0.5088608860969543, 0.5183999538421631, 0.26377710700035095, 0.45628461241722107, 0.3249012529850006, 0.5338310599327087, 0.5771240592002869, 0.573189377784729, 0.3113243281841278, 0.5631826519966125, 0.44346457719802856, 0.5748375654220581, 0.6912044882774353, 0.509928286075592, 0.39644306898117065, 0.3794492781162262, 0.44680625200271606, 0.40527087450027466, 0.5305284857749939, 0.3361361622810364, 0.6123366355895996, 0.5421115159988403, 0.4607875645160675]",0001010111000101101100101100100101001111011000111010111000010110,1101000100101100000101111000010101011111010100101110100110000110
"[0.4718800485134125, 0.715420663356781, 0.39165061712265015, 0.368721604347229, 0.6834819912910461, 0.6056540012359619, 0.5403128862380981, 0.4146314561367035, 0.21863418817520142, 0.5171176195144653, 0.7442951798439026, 0.6141606569290161, 0.3921490013599396, 0.5221115350723267, 0.5410212278366089, 0.5102895498275757, 0.4485347867012024, 0.4682532846927643, 0.4146662652492523, 0.6480164527893066, 0.5973019003868103, 0.6767879128456116, 0.2598923444747925, 0.5645062327384949, 0.6286910772323608, 0.45378953218460083, 0.40971747040748596, 0.35481777787208557, 0.5841273069381714, 0.4344523251056671, 0.5524155497550964, 0.486446350812912, 0.40771856904029846, 0.4521666169166565, 0.5186625719070435, 0.4784161448478699, 0.28261199593544006, 0.3876057267189026, 0.5128446817398071, 0.6076449751853943, 0.48469966650009155, 0.48136991262435913, 0.7082471251487732, 0.5223912000656128, 0.3930319845676422, 0.735451340675354, 0.4760076701641083, 0.5333754420280457, 0.3309645652770996, 0.5265738368034363, 0.5237322449684143, 0.6665486693382263, 0.1188298761844635, 0.45912712812423706, 0.6447697281837463, 0.49474596977233887, 0.7051175832748413, 0.7944902181625366, 0.5882631540298462, 0.5773815512657166, 0.48492634296417236, 0.6159480810165405, 0.3893965184688568, 0.5074571967124939]",0100111001110111000111011000101000100011001101010111001011110101,1000101010100011110110010000100000000110111000011111011011111100
"[0.5038634538650513, 0.5345117449760437, 0.4176112115383148, 0.5558274388313293, 0.36203476786613464, 0.4551396667957306, 0.42577552795410156, 0.459598571062088, 0.46661704778671265, 0.4998118281364441, 0.41553565859794617, 0.503239631652832, 0.49956217408180237, 0.5000145435333252, 0.46685492992401123, 0.5285892486572266, 0.4799882173538208, 0.5132781863212585, 0.36214011907577515, 0.5412704348564148, 0.43339118361473083, 0.4701690077781677, 0.5631712675094604, 0.4631737172603607, 0.6309570670127869, 0.6003617644309998, 0.6428933143615723, 0.45428597927093506, 0.5517917275428772, 0.37598034739494324, 0.4242298901081085, 0.5203644633293152, 0.4795091450214386, 0.5410839319229126, 0.5224605798721313, 0.33501189947128296, 0.5041189789772034, 0.5868270397186279, 0.5248475670814514, 0.44118690490722656, 0.5634536743164062, 0.5135787129402161, 0.464902400970459, 0.43317097425460815, 0.44292959570884705, 0.3489753007888794, 0.5492117404937744, 0.5561802983283997, 0.49265700578689575, 0.40027961134910583, 0.46588748693466187, 0.42991507053375244, 0.6235217452049255, 0.6234217286109924, 0.5788774490356445, 0.4994008541107178, 0.6428470611572266, 0.437336266040802, 0.4934483468532562, 0.5795910358428955, 0.4848812222480774, 0.4547295570373535, 0.5030815005302429, 0.5560063719749451]",1101000000010101010100101110100101101110110000110000111010010011,0001010100100110110000110100111101111011000100111011100110110101
"[0.4633066952228546, 0.49537786841392517, 0.3922620415687561, 0.49788951873779297, 0.4292541444301605, 0.7604314088821411, 0.5842046737670898, 0.41130876541137695, 0.5298117399215698, 0.39902812242507935, 0.4449542164802551, 0.5185418725013733, 0.5135793089866638, 0.49311956763267517, 0.39632585644721985, 0.5779663324356079, 0.5594600439071655, 0.6257714033126831, 0.5115683078765869, 0.5375050902366638, 0.5159358382225037, 0.41423511505126953, 0.5671022534370422, 0.3965715765953064, 0.5783720016479492, 0.46143415570259094, 0.40753450989723206, 0.44383949041366577, 0.4109335243701935, 0.41352787613868713, 0.5477694272994995, 0.4753273129463196, 0.3849951922893524, 0.4408205449581146, 0.5499664545059204, 0.6101489067077637, 0.6595147848129272, 0.41208064556121826, 0.46578991413116455, 0.3701799511909485, 0.46451228857040405, 0.527975857257843, 0.602599561214447, 0.4476255178451538, 0.5364806056022644, 0.6200207471847534, 0.46405884623527527, 0.5272582173347473, 0.3974303603172302, 0.5530055165290833, 0.4507119357585907, 0.30240461230278015, 0.3381812274456024, 0.6745163202285767, 0.5251052975654602, 0.5149053335189819, 0.6322821378707886, 0.4637722074985504, 0.40617284178733826, 0.5093455910682678, 0.41556066274642944, 0.40625837445259094, 0.48709240555763245, 0.41960057616233826]",0000011010011001111110101000001000111000011011010100011110010000,1100011101101011100101101010011100011100110101100010110011011001
"[0.5118799209594727, 0.46592724323272705, 0.5396448969841003, 0.5236907601356506, 0.4108506739139557, 0.42130494117736816, 0.6034793853759766, 0.5367372035980225, 0.6026550531387329, 0.43984583020210266, 0.39124560356140137, 0.5097970366477966, 0.5116987228393555, 0.5162373781204224, 0.5050695538520813, 0.5038796663284302, 0.4697103500366211, 0.5993249416351318, 0.5260696411132812, 0.42546990513801575, 0.4028412997722626, 0.453641802072525, 0.3706817328929901, 0.5534078478813171, 0.30308157205581665, 0.46392032504081726, 0.5402544140815735, 0.6072466969490051, 0.48092442750930786, 0.513566792011261, 0.5460644960403442, 0.500393807888031, 0.5048348307609558, 0.5322753190994263, 0.5730147361755371, 0.4628618359565735, 0.4999603033065796, 0.4132266342639923, 0.41297680139541626, 0.48097753524780273, 0.5217227935791016, 0.43365317583084106, 0.4923507571220398, 0.5656909942626953, 0.5225869417190552, 0.44186457991600037, 0.4664856493473053, 0.468726247549057, 0.5220826864242554, 0.566421389579773, 0.5082507729530334, 0.5657113194465637, 0.6323840618133545, 0.4454015791416168, 0.5125859379768372, 0.5287958979606628, 0.47383370995521545, 0.44611841440200806, 0.5367230176925659, 0.4558452367782593, 0.5337972640991211, 0.5049090385437012, 0.548406720161438, 0.5399686694145203]",1011001110011111011000010011011111100000100110001111101100101111,0110011011011001000101010010001101101000010001100111111100101111
"[0.5106640458106995, 0.39862319827079773, 0.595999538898468, 0.3377259075641632, 0.4501218795776367, 0.356204092502594, 0.5565125346183777, 0.6485534310340881, 0.46078410744667053, 0.6533198952674866, 0.5486966967582703, 0.4262402355670929, 0.6153461337089539, 0.4124506711959839, 0.5774509310722351, 0.3187674582004547, 0.5862124562263489, 0.5005408525466919, 0.5877536535263062, 0.33397695422172546, 0.4867645502090454, 0.5365433096885681, 0.3619369864463806, 0.6036308407783508, 0.19846805930137634, 0.43942323327064514, 0.5651120543479919, 0.6019172072410583, 0.4286566376686096, 0.5339261889457703, 0.43718984723091125, 0.4025512635707855, 0.5436004996299744, 0.5064833164215088, 0.5615835189819336, 0.5113515853881836, 0.49493956565856934, 0.3829052448272705, 0.2656523883342743, 0.5831698775291443, 0.3914473056793213, 0.4369950294494629, 0.5982010364532471, 0.6016155481338501, 0.5170812010765076, 0.4819411635398865, 0.2882232666015625, 0.3980766534805298, 0.49695339798927307, 0.5740838646888733, 0.5236626267433167, 0.6019042730331421, 0.329574853181839, 0.4239996373653412, 0.381509929895401, 0.5463855862617493, 0.3044537305831909, 0.37518224120140076, 0.7125637531280518, 0.45860809087753296, 0.4470062255859375, 0.5428130030632019, 0.5095180869102478, 0.5205462574958801]",1010001101101010111001010011010011110001001110000111000100100111,1010001100010100000100010000010100010001111010001110000000100000
"[0.48610061407089233, 0.502755343914032, 0.39908450841903687, 0.523644745349884, 0.37119579315185547, 0.6158968210220337, 0.5768082737922668, 0.42555853724479675, 0.5147023797035217, 0.4180062413215637, 0.4295908212661743, 0.5402364134788513, 0.520237922668457, 0.4920443296432495, 0.45283886790275574, 0.5529937148094177, 0.5123846530914307, 0.6097216606140137, 0.45848357677459717, 0.47820135951042175, 0.4777630865573883, 0.445320725440979, 0.47308704257011414, 0.47319677472114563, 0.5347965359687805, 0.5224905610084534, 0.5148101449012756, 0.4569937288761139, 0.4455961585044861, 0.3987334966659546, 0.5121120810508728, 0.4732629358768463, 0.39126038551330566, 0.4769876301288605, 0.5542770028114319, 0.4726368188858032, 0.5967304706573486, 0.42803773283958435, 0.43780389428138733, 0.3912704288959503, 0.5062653422355652, 0.46096712350845337, 0.5797032713890076, 0.4625445008277893, 0.5032567977905273, 0.532800555229187, 0.447348952293396, 0.5154462456703186, 0.40611037611961365, 0.533875584602356, 0.4787212312221527, 0.3819189965724945, 0.42267119884490967, 0.6266595125198364, 0.5278655290603638, 0.5240768194198608, 0.6441918611526489, 0.4437541663646698, 0.48358243703842163, 0.5125138759613037, 0.4248741567134857, 0.449014276266098, 0.5018559098243713, 0.47322747111320496]",0101011010011001110000001110001000101000101011010100011110010010,1001001111100011111111000001101100001111001011110100101110011001
"[0.5096970200538635, 0.5024303197860718, 0.4611077606678009, 0.5394487380981445, 0.3894546329975128, 0.5105524659156799, 0.5757806897163391, 0.46746280789375305, 0.5475632548332214, 0.4293639361858368, 0.40385034680366516, 0.5294292569160461, 0.5066044926643372, 0.5041656494140625, 0.47148534655570984, 0.5411452054977417, 0.4734005331993103, 0.5971458554267883, 0.46316370368003845, 0.4679480493068695, 0.43921759724617004, 0.45074132084846497, 0.43139469623565674, 0.515558660030365, 0.45109492540359497, 0.508321225643158, 0.5468234419822693, 0.5272325277328491, 0.470708429813385, 0.4394701421260834, 0.513938307762146, 0.4970499277114868, 0.45158982276916504, 0.5093275904655457, 0.5614825487136841, 0.44189921021461487, 0.5304092168807983, 0.44021618366241455, 0.4488998055458069, 0.42867305874824524, 0.5326070785522461, 0.4520110785961151, 0.5196945667266846, 0.503547191619873, 0.500400960445404, 0.46770310401916504, 0.48137587308883667, 0.5010709166526794, 0.4705682694911957, 0.535057544708252, 0.4843384325504303, 0.461794912815094, 0.5649327039718628, 0.5415997505187988, 0.5425065755844116, 0.5285099744796753, 0.5859980583190918, 0.44288215041160583, 0.5095536112785339, 0.4944031834602356, 0.4875450134277344, 0.4728798270225525, 0.522284746170044, 0.5194075107574463]",1101011010011101010000010111001001101000101110010100111110100011,0010100000000110000110011011011010011100100001010110101111011011
"[0.5523526072502136, 0.5478593111038208, 0.5117461681365967, 0.6035392880439758, 0.37658295035362244, 0.3595316410064697, 0.512477457523346, 0.4331379532814026, 0.5987386107444763, 0.47934404015541077, 0.32868412137031555, 0.4797605872154236, 0.41459301114082336, 0.5411198735237122, 0.4645884931087494, 0.567483127117157, 0.39634445309638977, 0.5341722965240479, 0.3546540439128876, 0.5887458920478821, 0.35675907135009766, 0.4939861595630646, 0.46084851026535034, 0.49373435974121094, 0.5262863039970398, 0.53853440284729, 0.6767669916152954, 0.6007742285728455, 0.5810886025428772, 0.47019869089126587, 0.44660791754722595, 0.5771153569221497, 0.563608705997467, 0.5929527282714844, 0.5417110323905945, 0.3222081661224365, 0.3886646330356598, 0.5930299758911133, 0.5320245623588562, 0.4454552233219147, 0.6333371996879578, 0.5168400406837463, 0.34921130537986755, 0.49422916769981384, 0.47820085287094116, 0.33135831356048584, 0.6212430000305176, 0.5865475535392761, 0.5749260187149048, 0.3995610177516937, 0.4234350919723511, 0.5240063071250916, 0.8510873317718506, 0.5128523707389832, 0.6463292837142944, 0.537962019443512, 0.5991228818893433, 0.5070469975471497, 0.46271124482154846, 0.5295727849006653, 0.605854868888855, 0.4410651624202728, 0.5365476608276367, 0.6519584059715271]",1111001010000101010100001111100111100110110000111001111111011011,0001110001101100100101100011110111100000100101001010101000010011
"[0.5095946192741394, 0.44327130913734436, 0.4887705147266388, 0.45699232816696167, 0.4131028354167938, 0.486245334148407, 0.6267141103744507, 0.5438225269317627, 0.5347062349319458, 0.4802588224411011, 0.4745871424674988, 0.5131920576095581, 0.5556334853172302, 0.4714337885379791, 0.5267594456672668, 0.4655109643936157, 0.5223942399024963, 0.5860008597373962, 0.5604212880134583, 0.3826785683631897, 0.4754590690135956, 0.4706554114818573, 0.36074239015579224, 0.5592436790466309, 0.2845867872238159, 0.44425514340400696, 0.5036106705665588, 0.5443329811096191, 0.4283045828342438, 0.5028298497200012, 0.5192352533340454, 0.44944313168525696, 0.45178672671318054, 0.4889722168445587, 0.5624255537986755, 0.5071524381637573, 0.5600869059562683, 0.3678637146949768, 0.33933311700820923, 0.47522467374801636, 0.4511615037918091, 0.4049224853515625, 0.5895444750785828, 0.538794994354248, 0.5333260297775269, 0.546646237373352, 0.3657703995704651, 0.43099072575569153, 0.45184221863746643, 0.6004574298858643, 0.5173319578170776, 0.5260557532310486, 0.39451220631599426, 0.481142520904541, 0.4419061839580536, 0.541358232498169, 0.44940197467803955, 0.4234703481197357, 0.5932249426841736, 0.459753155708313, 0.47375065088272095, 0.5357212424278259, 0.5318155884742737, 0.49798789620399475]",1000001110011010111000010011011000111000001111000111000100100110,1010100101001111101110011000100101101111111010000101100010101011
"[0.4893015921115875, 0.389445424079895, 0.6630162596702576, 0.46687519550323486, 0.36706799268722534, 0.24587009847164154, 0.6154783368110657, 0.6448659896850586, 0.6581118106842041, 0.5230731964111328, 0.358274906873703, 0.4307868778705597, 0.5587353706359863, 0.5350666046142578, 0.5781314969062805, 0.361548513174057, 0.4992765486240387, 0.6093006730079651, 0.572235643863678, 0.3375718891620636, 0.3024863004684448, 0.4774991273880005, 0.28802230954170227, 0.6218481063842773, 0.1385403424501419, 0.4727931320667267, 0.6119804978370667, 0.7066174745559692, 0.5312795639038086, 0.6213871836662292, 0.5747596025466919, 0.4568523168563843, 0.5763525366783142, 0.5604973435401917, 0.6229100823402405, 0.4370517134666443, 0.4450841248035431, 0.360314279794693, 0.2904761731624603, 0.5627597570419312, 0.5267859101295471, 0.40411967039108276, 0.4460194408893585, 0.6721224188804626, 0.5438042283058167, 0.3215266764163971, 0.3919259011745453, 0.4333994388580322, 0.5716481804847717, 0.5554853677749634, 0.5408431887626648, 0.7350157499313354, 0.7337765097618103, 0.35248681902885437, 0.4395311176776886, 0.5381762981414795, 0.33137184381484985, 0.426364004611969, 0.581547200679779, 0.4159756302833557, 0.5507439970970154, 0.4979550242424011, 0.5538908839225769, 0.5566631555557251]",0010001111001110011000010011111011100001100110001111100100101011,0011100100000010011010110111110111001111001110010110101101011101
"[0.5103177428245544, 0.46519744396209717, 0.4907345175743103, 0.5090369582176208, 0.40479519963264465, 0.4871421754360199, 0.6198385953903198, 0.5134122967720032, 0.567290186882019, 0.43462011218070984, 0.4240909516811371, 0.5270910859107971, 0.5283181667327881, 0.49898603558540344, 0.5029589533805847, 0.5055687427520752, 0.4903278946876526, 0.6091657876968384, 0.5281975865364075, 0.4139464497566223, 0.4450371265411377, 0.450959712266922, 0.3781996965408325, 0.5473930239677429, 0.33195558190345764, 0.468124121427536, 0.517632782459259, 0.5553944110870361, 0.44890260696411133, 0.48805099725723267, 0.5401908755302429, 0.4779601991176605, 0.45552530884742737, 0.5006206631660461, 0.5713258385658264, 0.4826265871524811, 0.5469202995300293, 0.3885832726955414, 0.3924335539340973, 0.45388293266296387, 0.49746233224868774, 0.41971921920776367, 0.5453952550888062, 0.5384310483932495, 0.5250831842422485, 0.5031177997589111, 0.4276867210865021, 0.4613247215747833, 0.47123467922210693, 0.5848281979560852, 0.507272481918335, 0.5150368213653564, 0.5084161162376404, 0.4873153865337372, 0.4892454743385315, 0.533403217792511, 0.5043438673019409, 0.4363285303115845, 0.5457373261451721, 0.46449974179267883, 0.4932807981967926, 0.5086129307746887, 0.5365198850631714, 0.5057840943336487]",1001001110011011011000010011001001101000001111000111100110100111,1000101001100110100001100111111011101111011010110111010101011010
"[0.5582860112190247, 0.5426432490348816, 0.6011009812355042, 0.643317461013794, 0.3768734633922577, 0.2959284782409668, 0.6099081635475159, 0.42312777042388916, 0.7382275462150574, 0.4461600184440613, 0.24507638812065125, 0.45556914806365967, 0.33851709961891174, 0.5833781957626343, 0.4704747498035431, 0.5933164358139038, 0.339269757270813, 0.5739580392837524, 0.3826908469200134, 0.6015092134475708, 0.27887654304504395, 0.5109142661094666, 0.3604673743247986, 0.5218563079833984, 0.3884916305541992, 0.4850092828273773, 0.6816578507423401, 0.7342190146446228, 0.6003054976463318, 0.5799715518951416, 0.4863009750843048, 0.6084229946136475, 0.6118338704109192, 0.6321719288825989, 0.5585614442825317, 0.3326379358768463, 0.3113633990287781, 0.5522994995117188, 0.49861595034599304, 0.4398934543132782, 0.6748957633972168, 0.4949900209903717, 0.2774665653705597, 0.5674276947975159, 0.529988169670105, 0.3314344584941864, 0.6548916101455688, 0.6065950989723206, 0.6336842179298401, 0.4180358350276947, 0.4002441465854645, 0.6177129149436951, 0.9414905309677124, 0.4205961227416992, 0.6875437498092651, 0.5644721984863281, 0.5496478080749512, 0.5727149248123169, 0.4181039333343506, 0.45306915044784546, 0.6821101307868958, 0.42535850405693054, 0.5694708228111267, 0.7081547379493713]",1111001010000101010101010011110111100100100110111001101111001011,0111000001000001100110010110111011100010101110001011111001110101
"[0.46875444054603577, 0.7264032363891602, 0.3815339207649231, 0.3107224702835083, 0.7056723237037659, 0.5812000632286072, 0.504449188709259, 0.46563291549682617, 0.17166511714458466, 0.623232901096344, 0.7858611941337585, 0.6002179980278015, 0.40825629234313965, 0.4678036868572235, 0.580242395401001, 0.4936382472515106, 0.480363130569458, 0.3980247974395752, 0.44293949007987976, 0.6516435146331787, 0.612969696521759, 0.7287035584449768, 0.24952709674835205, 0.5659304857254028, 0.5971792340278625, 0.4189000725746155, 0.3905233144760132, 0.3690878450870514, 0.5825962424278259, 0.4325832724571228, 0.4994734227657318, 0.4607353210449219, 0.42218974232673645, 0.45981135964393616, 0.4778556525707245, 0.45646217465400696, 0.239126518368721, 0.3920198678970337, 0.48006436228752136, 0.6631515026092529, 0.4173220098018646, 0.4786398112773895, 0.7482119202613831, 0.5307007431983948, 0.38305971026420593, 0.7410293817520142, 0.42036041617393494, 0.4956929087638855, 0.3246876001358032, 0.5366255044937134, 0.5354740619659424, 0.6792059540748596, 0.08542920649051666, 0.43662378191947937, 0.6217050552368164, 0.5297514200210571, 0.6758411526679993, 0.7955811023712158, 0.6691518425941467, 0.5464262366294861, 0.469285786151886, 0.6574679017066956, 0.37858855724334717, 0.5287849307060242]",0100111001110010000111011000100000000001001101000111001111110101,0100101111110100110111000010000000010111101001111111001001000101
"[0.4075099229812622, 0.4347117841243744, 0.3980044722557068, 0.5507051944732666, 0.40374311804771423, 0.5199292898178101, 0.2618057131767273, 0.6117344498634338, 0.49273577332496643, 0.5510149598121643, 0.4131529629230499, 0.5031214952468872, 0.4998631775379181, 0.5327943563461304, 0.46829500794410706, 0.5087617635726929, 0.5746194124221802, 0.4797898828983307, 0.5144422650337219, 0.5536582469940186, 0.44935232400894165, 0.4561418890953064, 0.7741000056266785, 0.34384670853614807, 0.6779467463493347, 0.6419504284858704, 0.5350125432014465, 0.42532142996788025, 0.5747959017753601, 0.4019823670387268, 0.41753020882606506, 0.5073456764221191, 0.39396026730537415, 0.5336554646492004, 0.3968416154384613, 0.368069589138031, 0.6104145646095276, 0.6624847054481506, 0.5637379288673401, 0.4778270721435547, 0.4361828863620758, 0.4972139596939087, 0.5325357913970947, 0.3475852310657501, 0.4556276500225067, 0.360634982585907, 0.5073546171188354, 0.5643735527992249, 0.4978320896625519, 0.36803820729255676, 0.5294913649559021, 0.41894078254699707, 0.5139670372009277, 0.6800258159637451, 0.5231543779373169, 0.43449053168296814, 0.5208637714385986, 0.4324207603931427, 0.4501221477985382, 0.555658221244812, 0.37833157181739807, 0.5374855995178223, 0.5193082690238953, 0.48253998160362244]",0001010101010101101100101110100101001110001000110010111010010110,0000101101000010101101101000101100000110101000101110000011010111
"[0.44919514656066895, 0.4896579682826996, 0.39137426018714905, 0.5415651202201843, 0.37103739380836487, 0.5029079914093018, 0.3490847945213318, 0.5171557068824768, 0.45875707268714905, 0.520846962928772, 0.4319792091846466, 0.5064097046852112, 0.5109447240829468, 0.5059478282928467, 0.47107407450675964, 0.5142698884010315, 0.538383424282074, 0.4975787103176117, 0.4198926091194153, 0.5303415060043335, 0.4565979838371277, 0.46218448877334595, 0.665850818157196, 0.40767595171928406, 0.670559823513031, 0.6321156620979309, 0.5922381281852722, 0.4092537462711334, 0.5530938506126404, 0.36790743470191956, 0.41933923959732056, 0.5032610297203064, 0.42065155506134033, 0.5306249856948853, 0.4655451476573944, 0.34983423352241516, 0.5735573768615723, 0.6150485873222351, 0.5270787477493286, 0.45165130496025085, 0.49314072728157043, 0.5004655122756958, 0.523139238357544, 0.3910677433013916, 0.44738641381263733, 0.3644959330558777, 0.507896363735199, 0.5598675608634949, 0.4652743339538574, 0.3897937834262848, 0.5046035647392273, 0.4054233729839325, 0.5104976296424866, 0.6741459369659424, 0.5393757820129395, 0.4638366997241974, 0.609237015247345, 0.42410874366760254, 0.4801638126373291, 0.5761427283287048, 0.4138849675655365, 0.48929473757743835, 0.5016098618507385, 0.5041016936302185]",0001010101011101100100101110100101001110011000110010111010010011,0100001010011011001110111100100001001101100100011110011111010100
"[0.504378616809845, 0.5332162976264954, 0.4136964976787567, 0.5667468905448914, 0.3439943492412567, 0.4091343581676483, 0.37641334533691406, 0.46884313225746155, 0.45470130443573, 0.5315849184989929, 0.4110880196094513, 0.48567479848861694, 0.49315401911735535, 0.5059522390365601, 0.4804195761680603, 0.5113083124160767, 0.47984230518341064, 0.47767704725265503, 0.3350693881511688, 0.5600833296775818, 0.41694048047065735, 0.47743839025497437, 0.6055881381034851, 0.4510534405708313, 0.6602214574813843, 0.6327167749404907, 0.6833587884902954, 0.4388792812824249, 0.5940426588058472, 0.3712279796600342, 0.3958348333835602, 0.531154990196228, 0.4942176342010498, 0.561996579170227, 0.5094813108444214, 0.2910931706428528, 0.4881703555583954, 0.6396029591560364, 0.5398889183998108, 0.45391643047332764, 0.5755152106285095, 0.5322631001472473, 0.43423351645469666, 0.41402292251586914, 0.4271208941936493, 0.29390814900398254, 0.5677881836891174, 0.5723855495452881, 0.509480357170105, 0.3498028516769409, 0.4635573923587799, 0.44293659925460815, 0.6703230738639832, 0.6403560638427734, 0.5823236703872681, 0.4875089228153229, 0.6353673338890076, 0.43539389967918396, 0.492598295211792, 0.6055885553359985, 0.4912243187427521, 0.45523473620414734, 0.5029776096343994, 0.5778772830963135]",1101000001000101000100101110100101100110110000111000111010010011,0011000001100010100000001110001011100010011000101111100011110110
"[0.41517943143844604, 0.439007043838501, 0.3895878195762634, 0.5233796834945679, 0.4385750889778137, 0.6933525204658508, 0.41619977355003357, 0.5498819947242737, 0.5349481701850891, 0.46159905195236206, 0.4067499339580536, 0.5224942564964294, 0.515264630317688, 0.50537109375, 0.41553187370300293, 0.5695498585700989, 0.5811412930488586, 0.5832817554473877, 0.581952691078186, 0.5486257672309875, 0.4761428236961365, 0.4240856170654297, 0.6966628432273865, 0.34450632333755493, 0.606735110282898, 0.5293922424316406, 0.41061192750930786, 0.47599875926971436, 0.4549404978752136, 0.42020660638809204, 0.4998401999473572, 0.48022034764289856, 0.3716146647930145, 0.4647083282470703, 0.4505763649940491, 0.5235729217529297, 0.6735984086990356, 0.5097519159317017, 0.5280792713165283, 0.41712528467178345, 0.41586676239967346, 0.4931047260761261, 0.5984660983085632, 0.38853684067726135, 0.5224236249923706, 0.5402756929397583, 0.4680239260196686, 0.534447968006134, 0.4580899775028229, 0.5050488114356995, 0.49958622455596924, 0.33484798669815063, 0.40064680576324463, 0.6619784235954285, 0.5183676481246948, 0.4908406436443329, 0.5612456798553467, 0.4461713135242462, 0.417667418718338, 0.48539724946022034, 0.3749491274356842, 0.4787712097167969, 0.5222766995429993, 0.4256376326084137]",0001010110011101111100101100000000011110001011010100011010000010,0011011111100101110101101011110101110101111101011110111011011100
"[0.5096838474273682, 0.6414822936058044, 0.47635960578918457, 0.4488811194896698, 0.5762248039245605, 0.7443743944168091, 0.6471186280250549, 0.31980788707733154, 0.42675721645355225, 0.33603206276893616, 0.6128110289573669, 0.5520503520965576, 0.4411495625972748, 0.5609769225120544, 0.4120672941207886, 0.5334874987602234, 0.4691576361656189, 0.6070029139518738, 0.3984328806400299, 0.5658606290817261, 0.5916816592216492, 0.45560646057128906, 0.3768176734447479, 0.5256809592247009, 0.5837257504463196, 0.42036014795303345, 0.42911580204963684, 0.36609843373298645, 0.4811929166316986, 0.4359762966632843, 0.6064214110374451, 0.5076256990432739, 0.4621429443359375, 0.4455985724925995, 0.6489222049713135, 0.6830483078956604, 0.47676989436149597, 0.37297794222831726, 0.47318610548973083, 0.44335678219795227, 0.5439762473106384, 0.5772866606712341, 0.5744583010673523, 0.541725754737854, 0.45841583609580994, 0.6898493766784668, 0.5649431943893433, 0.5445425510406494, 0.384881854057312, 0.5327997803688049, 0.43672975897789, 0.4842466115951538, 0.24075330793857574, 0.5746796727180481, 0.6176008582115173, 0.4552534818649292, 0.6669040322303772, 0.6365931034088135, 0.41602325439453125, 0.6113287210464478, 0.5265783667564392, 0.4183325171470642, 0.41682350635528564, 0.4538725018501282]",1100111000110101010110011000001100110000111101110100011011011000,1111011000011110000110001000101001110000000000000110000101011110
"[0.4883154034614563, 0.5530878305435181, 0.3662782311439514, 0.46868476271629333, 0.4587286710739136, 0.6611059308052063, 0.6526275277137756, 0.3785884976387024, 0.43354058265686035, 0.42301851511001587, 0.5566156506538391, 0.5629861950874329, 0.4750538766384125, 0.4960017502307892, 0.4844433665275574, 0.5595139265060425, 0.509544849395752, 0.5952203273773193, 0.47512632608413696, 0.5174539685249329, 0.5520690679550171, 0.5279930830001831, 0.354492723941803, 0.5065386295318604, 0.5397085547447205, 0.46661052107810974, 0.4357415437698364, 0.39749443531036377, 0.43460240960121155, 0.4299900233745575, 0.5434907078742981, 0.46312257647514343, 0.35125303268432617, 0.43228253722190857, 0.5448893308639526, 0.5234913229942322, 0.5585268139839172, 0.36188867688179016, 0.4038221836090088, 0.4112236201763153, 0.4781481921672821, 0.42286401987075806, 0.6572232246398926, 0.458096981048584, 0.5177769064903259, 0.6981244087219238, 0.40736815333366394, 0.5015873908996582, 0.335671067237854, 0.5692803263664246, 0.4910583198070526, 0.4301321804523468, 0.23430266976356506, 0.6067860722541809, 0.5162734985351562, 0.5382352471351624, 0.6649277210235596, 0.5766416788101196, 0.5011361241340637, 0.5179628133773804, 0.4322553277015686, 0.500032901763916, 0.46193253993988037, 0.4496351480484009]",0100011000110001110111011000001000111000001011010100011111110100,1100111101010101000100011111110100101111010011001101000010000110
"[0.5000692009925842, 0.5149588584899902, 0.3881184160709381, 0.4639052152633667, 0.431805282831192, 0.6200834512710571, 0.6550934314727783, 0.42707914113998413, 0.46331459283828735, 0.4446256458759308, 0.5359864830970764, 0.5497124791145325, 0.5061116814613342, 0.47407567501068115, 0.5071878433227539, 0.5386303067207336, 0.518795371055603, 0.5909555554389954, 0.5106344223022461, 0.4638456106185913, 0.5383920669555664, 0.5114827752113342, 0.3529726266860962, 0.5207048058509827, 0.44795501232147217, 0.44891414046287537, 0.4475414752960205, 0.43514716625213623, 0.4184838831424713, 0.44865450263023376, 0.5246333479881287, 0.4498654007911682, 0.36784783005714417, 0.4446340501308441, 0.5447194576263428, 0.519072413444519, 0.5740476846694946, 0.356166273355484, 0.3659922480583191, 0.4242086112499237, 0.45495688915252686, 0.40467071533203125, 0.6544970273971558, 0.47235584259033203, 0.5286593437194824, 0.6721410751342773, 0.3706088364124298, 0.4658799469470978, 0.35811087489128113, 0.5890883207321167, 0.4992564618587494, 0.44162124395370483, 0.2559918165206909, 0.5781823396682739, 0.4778844714164734, 0.5488336682319641, 0.596636950969696, 0.5165499448776245, 0.5462220907211304, 0.4909416437149048, 0.43595609068870544, 0.5182480812072754, 0.4889473617076874, 0.4642089307308197]",1100011000111011111011010000001000111000001011000100010111100100,0100010001110111010001000010110101101100011011001100110001000101
"[0.47339731454849243, 0.7145435214042664, 0.3867185711860657, 0.29391559958457947, 0.6965846419334412, 0.564603865146637, 0.49566611647605896, 0.488871306180954, 0.16945011913776398, 0.6647546291351318, 0.7897382974624634, 0.5817512273788452, 0.42576614022254944, 0.43988552689552307, 0.5909178853034973, 0.4822204113006592, 0.5034967064857483, 0.37552836537361145, 0.46252158284187317, 0.6385424137115479, 0.6195653676986694, 0.736748993396759, 0.2577229142189026, 0.5631028413772583, 0.5669256448745728, 0.4065658152103424, 0.3931291103363037, 0.3835900127887726, 0.5652914643287659, 0.4357215166091919, 0.46737244725227356, 0.4471518397331238, 0.43151816725730896, 0.4649377763271332, 0.4634159505367279, 0.4559120237827301, 0.2428864985704422, 0.39673343300819397, 0.4522339701652527, 0.6703121662139893, 0.3885651230812073, 0.47494933009147644, 0.7541841268539429, 0.5307195782661438, 0.390463262796402, 0.7330179214477539, 0.3908948004245758, 0.472931444644928, 0.33121368288993835, 0.5397247076034546, 0.5339363813400269, 0.6623345613479614, 0.08255971968173981, 0.4368194043636322, 0.5933588147163391, 0.5459632873535156, 0.6433601379394531, 0.7731179594993591, 0.699542760848999, 0.5304937362670898, 0.46153199672698975, 0.6600944995880127, 0.379533976316452, 0.5355476140975952]",0100110001110010100111011000100000000001001101000111001111110101,0111101101110010000000101101101010010000101001001100010111111101
"[0.4952344000339508, 0.49963513016700745, 0.41698914766311646, 0.5265631675720215, 0.37377113103866577, 0.5812380313873291, 0.586345374584198, 0.4398752748966217, 0.5249168276786804, 0.4199672043323517, 0.4228270649909973, 0.538996696472168, 0.5203016400337219, 0.4944389760494232, 0.463584303855896, 0.5466931462287903, 0.5005541443824768, 0.608798623085022, 0.4635162055492401, 0.4646545648574829, 0.46709954738616943, 0.44533661007881165, 0.4486117959022522, 0.4935520589351654, 0.49362465739250183, 0.5153810977935791, 0.5240694880485535, 0.47746068239212036, 0.4502272605895996, 0.4132194519042969, 0.5153804421424866, 0.4770091772079468, 0.4049956202507019, 0.48417574167251587, 0.5613101124763489, 0.4630298316478729, 0.5791996717453003, 0.42265135049819946, 0.43224036693573, 0.40273377299308777, 0.5127698183059692, 0.45085573196411133, 0.5666428804397583, 0.4785780608654022, 0.5034381747245789, 0.517589271068573, 0.4478255808353424, 0.5038853287696838, 0.42147204279899597, 0.5415447950363159, 0.48295629024505615, 0.4106432795524597, 0.4556954801082611, 0.596560001373291, 0.5251108407974243, 0.5274358987808228, 0.622302234172821, 0.4400691092014313, 0.49925297498703003, 0.5036548972129822, 0.4420607388019562, 0.46210557222366333, 0.5105119347572327, 0.48680296540260315]",0001011010011001110000000110001000101000101011010100011110010010,0000001110110110100011101010000010000010111011001101111100100010
"[0.5144283175468445, 0.5641233325004578, 0.41131651401519775, 0.37603533267974854, 0.5223990082740784, 0.5650137066841125, 0.6015335917472839, 0.4746118187904358, 0.3474832773208618, 0.5692921280860901, 0.658081591129303, 0.534382700920105, 0.4965214133262634, 0.4406752288341522, 0.5469460487365723, 0.49170804023742676, 0.5324249863624573, 0.48693034052848816, 0.5236406922340393, 0.5012348294258118, 0.592563807964325, 0.6103920340538025, 0.31686416268348694, 0.5420776605606079, 0.4366990625858307, 0.4161393940448761, 0.43630003929138184, 0.4277411103248596, 0.44686561822891235, 0.47000953555107117, 0.46984609961509705, 0.44077038764953613, 0.4079250693321228, 0.45383918285369873, 0.49765488505363464, 0.508155882358551, 0.45898669958114624, 0.37840351462364197, 0.36110901832580566, 0.5194454193115234, 0.40246474742889404, 0.4132171869277954, 0.6942344903945923, 0.49377748370170593, 0.4934876561164856, 0.7014243602752686, 0.34715983271598816, 0.4349711239337921, 0.3653128147125244, 0.5646857023239136, 0.5150902271270752, 0.517388105392456, 0.17236539721488953, 0.5185903310775757, 0.47464075684547424, 0.5546826720237732, 0.5397359132766724, 0.5823124647140503, 0.6420975923538208, 0.5012382864952087, 0.4525943398475647, 0.5815985202789307, 0.4534529745578766, 0.5029269456863403]",1100111001110010101111010000000000010001001001000111010111110101,1011010100000100101111100000001111111001101111001001011101111110
"[0.4956526458263397, 0.3908418118953705, 0.6242457628250122, 0.4520626664161682, 0.3914484977722168, 0.3018893897533417, 0.5981742739677429, 0.6390576362609863, 0.6107381582260132, 0.520333468914032, 0.39708375930786133, 0.45531484484672546, 0.5755101442337036, 0.5107947587966919, 0.5611571669578552, 0.37743639945983887, 0.5158267021179199, 0.5958778858184814, 0.577585756778717, 0.3394443988800049, 0.35571298003196716, 0.4651139974594116, 0.32224375009536743, 0.6036544442176819, 0.16828471422195435, 0.4656405746936798, 0.579922080039978, 0.663711667060852, 0.4998534023761749, 0.5793958902359009, 0.5555429458618164, 0.4534115493297577, 0.5506687760353088, 0.5377936363220215, 0.6069860458374023, 0.4634552299976349, 0.4829684793949127, 0.3678279221057892, 0.30882060527801514, 0.5539618134498596, 0.49739786982536316, 0.41131097078323364, 0.4869915544986725, 0.6402775645256042, 0.5318570733070374, 0.3682592213153839, 0.3822123110294342, 0.4276275634765625, 0.5448583960533142, 0.5721167325973511, 0.5405444502830505, 0.6813784241676331, 0.6275217533111572, 0.3791036009788513, 0.43091297149658203, 0.53084397315979, 0.34617435932159424, 0.40257394313812256, 0.5988876819610596, 0.43197834491729736, 0.5213294625282288, 0.5131630897521973, 0.5476391911506653, 0.5356806516647339]",0010001111001110111000010011011011100001000110001111100100101111,1010101011001111010000111101101111100011011100001001000100010100
"[0.5565729737281799, 0.5591188073158264, 0.4867814779281616, 0.6159292459487915, 0.34437450766563416, 0.33121463656425476, 0.46243444085121155, 0.42238855361938477, 0.569679319858551, 0.5040273070335388, 0.3231772184371948, 0.46660467982292175, 0.414987713098526, 0.5365111827850342, 0.46571895480155945, 0.5610815286636353, 0.3943916857242584, 0.5052437782287598, 0.3056548535823822, 0.6113835573196411, 0.3436684310436249, 0.4989663362503052, 0.5050667524337769, 0.4796702563762665, 0.5894545316696167, 0.5813256502151489, 0.728989839553833, 0.5692779421806335, 0.6127251982688904, 0.4393354058265686, 0.4110211431980133, 0.5827863216400146, 0.5766018033027649, 0.6102328300476074, 0.5371461510658264, 0.2690861225128174, 0.37985315918922424, 0.6466246843338013, 0.5481823682785034, 0.44243595004081726, 0.6537618637084961, 0.5401238203048706, 0.3253104090690613, 0.46658581495285034, 0.45436882972717285, 0.2778926193714142, 0.6407262086868286, 0.6115633845329285, 0.5786018967628479, 0.3447493612766266, 0.41244563460350037, 0.5136132836341858, 0.8690154552459717, 0.5542683005332947, 0.6583582162857056, 0.5310845971107483, 0.6302309632301331, 0.49503982067108154, 0.4623434543609619, 0.5675300359725952, 0.6062944531440735, 0.426115483045578, 0.5326843857765198, 0.6719472408294678]",1101000011000101010100101111100111100110110000111001111110011011,0111010100000011000101111011000111110101011100101011101010110101
"[0.3664027750492096, 0.37234950065612793, 0.40067267417907715, 0.5727559924125671, 0.45510202646255493, 0.5643265247344971, 0.1938500702381134, 0.7119421362876892, 0.5424211025238037, 0.5695302486419678, 0.37464088201522827, 0.504422664642334, 0.48462361097335815, 0.5656768679618835, 0.450920045375824, 0.5251191854476929, 0.6038666367530823, 0.4799436032772064, 0.6431061625480652, 0.5979231595993042, 0.4308514893054962, 0.44394293427467346, 0.8583139777183533, 0.27472737431526184, 0.6675406098365784, 0.626840353012085, 0.43845871090888977, 0.46778538823127747, 0.5787659883499146, 0.4536851644515991, 0.4260224997997284, 0.5187241435050964, 0.3671528697013855, 0.5164148807525635, 0.32988178730010986, 0.40959176421165466, 0.656904399394989, 0.690722644329071, 0.6206576824188232, 0.49963465332984924, 0.3774785101413727, 0.49806541204452515, 0.5433543920516968, 0.29890748858451843, 0.4735114574432373, 0.3816106617450714, 0.5140429735183716, 0.562937319278717, 0.5487177968025208, 0.36662086844444275, 0.552638590335846, 0.42049282789230347, 0.5276493430137634, 0.6721289157867432, 0.5121222734451294, 0.4200972616672516, 0.4182608723640442, 0.4470159411430359, 0.41331303119659424, 0.5102229118347168, 0.34790873527526855, 0.5843607783317566, 0.5430927276611328, 0.4539859890937805]",0001010111010101101100101100100101001110001000111010111000010110,0001010100001111011100110000100110101111000110011111111100100100
"[0.5321154594421387, 0.5082852840423584, 0.5610304474830627, 0.5775637030601501, 0.4085213243961334, 0.3809318244457245, 0.5912405252456665, 0.4805185794830322, 0.6483978033065796, 0.44157806038856506, 0.3360257148742676, 0.4932055175304413, 0.43458092212677, 0.5475005507469177, 0.48383209109306335, 0.5505877137184143, 0.4151086211204529, 0.5774375200271606, 0.4587073028087616, 0.5152699947357178, 0.36356472969055176, 0.4792495667934418, 0.38207554817199707, 0.5314854383468628, 0.3714812994003296, 0.47757625579833984, 0.59114009141922, 0.65273517370224, 0.535897970199585, 0.5297890901565552, 0.5170457363128662, 0.5528332591056824, 0.5484697818756104, 0.5703778862953186, 0.5563890933990479, 0.41152241826057434, 0.4150999188423157, 0.48474442958831787, 0.4722941815853119, 0.46481359004974365, 0.5903112888336182, 0.4713749289512634, 0.3992597460746765, 0.5565871596336365, 0.5173690915107727, 0.40071535110473633, 0.562755286693573, 0.5271046757698059, 0.5684100985527039, 0.5015586614608765, 0.46158766746520996, 0.570563018321991, 0.807494580745697, 0.4456656575202942, 0.5963276028633118, 0.539042055606842, 0.5155996084213257, 0.5052385926246643, 0.48113521933555603, 0.46260157227516174, 0.5951165556907654, 0.46983256936073303, 0.548794686794281, 0.6105030179023743]",1111001010000101010100010011111111100000100110111101101111001011,0110010101100110111000011101111001001000100000101011101110001110
"[0.5616981983184814, 0.7112728953361511, 0.5963331460952759, 0.4646470546722412, 0.6975655555725098, 0.8489729166030884, 0.6287732124328613, 0.2922162711620331, 0.48983851075172424, 0.24567939341068268, 0.6296691298484802, 0.5368995070457458, 0.4246355891227722, 0.6121872067451477, 0.3326016962528229, 0.5695076584815979, 0.4196118414402008, 0.5903791785240173, 0.3758731782436371, 0.5953589081764221, 0.6317147016525269, 0.31764328479766846, 0.48608872294425964, 0.5192634463310242, 0.5716895461082458, 0.2965409457683563, 0.38186103105545044, 0.3615475296974182, 0.5221651196479797, 0.4774492681026459, 0.6497843265533447, 0.5590280294418335, 0.6468600630760193, 0.4781421422958374, 0.7509428858757019, 0.8652822971343994, 0.3936557173728943, 0.41973066329956055, 0.5425688624382019, 0.47526824474334717, 0.6006349325180054, 0.7738297581672668, 0.4137986898422241, 0.6121199131011963, 0.37739455699920654, 0.6648757457733154, 0.7439497709274292, 0.5500737428665161, 0.5168655514717102, 0.5044637322425842, 0.38457533717155457, 0.5209052562713623, 0.31085696816444397, 0.5276980400085449, 0.681411862373352, 0.3743310868740082, 0.5723782181739807, 0.604956865310669, 0.34030747413635254, 0.6369720697402954, 0.6621326804161072, 0.329524427652359, 0.3752867579460144, 0.5012277364730835]",1110111000110101010110011000101110110010110101111101011011011001,1000011010100100001110010101110010011100110001110001000011011010
"[0.5374842882156372, 0.5212013721466064, 0.6036679148674011, 0.6176150441169739, 0.3839607238769531, 0.31215667724609375, 0.6164771318435669, 0.4574185013771057, 0.7241326570510864, 0.44106119871139526, 0.27068817615509033, 0.46394869685173035, 0.3752098083496094, 0.578260600566864, 0.48627665638923645, 0.5683344602584839, 0.36944201588630676, 0.5815830826759338, 0.42780739068984985, 0.5523152947425842, 0.2951025068759918, 0.5032925009727478, 0.3483738303184509, 0.53726726770401, 0.34243401885032654, 0.4778011739253998, 0.6453173756599426, 0.7212461829185486, 0.5801907181739807, 0.5817353129386902, 0.5150733590126038, 0.5824537873268127, 0.5925225019454956, 0.6143108606338501, 0.5626599192619324, 0.36831748485565186, 0.3450942039489746, 0.5093348622322083, 0.4695163369178772, 0.4562724828720093, 0.6415121555328369, 0.47635188698768616, 0.3200377821922302, 0.5828895568847656, 0.5338515043258667, 0.35253629088401794, 0.6107264757156372, 0.567879319190979, 0.6151050925254822, 0.45756715536117554, 0.43593141436576843, 0.6276525259017944, 0.912324845790863, 0.414575457572937, 0.643720269203186, 0.553389847278595, 0.5182309746742249, 0.5541918277740479, 0.4397185742855072, 0.44354692101478577, 0.6536824107170105, 0.44342851638793945, 0.5649471879005432, 0.669492244720459]",1111001010000101010101010011111111100100100110111001101111001011,0111001101011111011100011010011111110000111110110000111000000011
"[0.5168334245681763, 0.5438172817230225, 0.502886176109314, 0.5284700989723206, 0.6044607162475586, 0.8295609354972839, 0.5720333456993103, 0.4301593601703644, 0.5926976799964905, 0.3433605134487152, 0.47826558351516724, 0.5151405334472656, 0.4929431676864624, 0.5424260497093201, 0.3637828826904297, 0.6265993714332581, 0.49974238872528076, 0.5503391623497009, 0.5560359954833984, 0.593235969543457, 0.56103515625, 0.30523091554641724, 0.6775457859039307, 0.4018070697784424, 0.4858219623565674, 0.2911864221096039, 0.31262901425361633, 0.4513402581214905, 0.47532835602760315, 0.5328641533851624, 0.5923612713813782, 0.5468031167984009, 0.5979089140892029, 0.4613912105560303, 0.6278328895568848, 0.8187927603721619, 0.551780104637146, 0.4734146296977997, 0.5624204874038696, 0.4344082176685333, 0.4815625548362732, 0.7366447448730469, 0.4110250473022461, 0.48825502395629883, 0.47857779264450073, 0.5978219509124756, 0.6711586713790894, 0.48086437582969666, 0.5786979794502258, 0.5568509697914124, 0.4281157851219177, 0.3671870827674866, 0.46518000960350037, 0.5705950856208801, 0.5332119464874268, 0.4685252010822296, 0.4368719756603241, 0.4467986524105072, 0.36239877343177795, 0.5031465291976929, 0.5881388783454895, 0.3839809000492096, 0.45219120383262634, 0.47465455532073975]",1111111010010101011110100000011110111010010001101100011000011000,1100010110011101011101001001011101100011011101100100110100110101
"[0.4263232946395874, 0.4637507200241089, 0.3923822343349457, 0.5354992151260376, 0.39265376329421997, 0.5586164593696594, 0.34565916657447815, 0.5444771647453308, 0.4825785458087921, 0.5101136565208435, 0.4233616590499878, 0.5147138237953186, 0.5120958089828491, 0.508517861366272, 0.45683953166007996, 0.526819109916687, 0.5607200860977173, 0.519763171672821, 0.4833144247531891, 0.5297978520393372, 0.46401211619377136, 0.45358940958976746, 0.6957781314849854, 0.38055220246315, 0.6617562770843506, 0.6142929196357727, 0.534023106098175, 0.42697465419769287, 0.5283923149108887, 0.38237664103507996, 0.4399898946285248, 0.49226251244544983, 0.3930504322052002, 0.5144169926643372, 0.4420916736125946, 0.3936685621738434, 0.6109178066253662, 0.5955568552017212, 0.5282475352287292, 0.4478303790092468, 0.4568147361278534, 0.4870910048484802, 0.5541422963142395, 0.3830838203430176, 0.46936312317848206, 0.41294240951538086, 0.4879723787307739, 0.5574980974197388, 0.46096763014793396, 0.4188861846923828, 0.5143526196479797, 0.38952380418777466, 0.4662022292613983, 0.6739898324012756, 0.5293083786964417, 0.46026280522346497, 0.5872466564178467, 0.4301823377609253, 0.45967233180999756, 0.546076238155365, 0.38792684674263, 0.4994639456272125, 0.5101479291915894, 0.47457265853881836]",0001010101011101110100101110100001001110001000010010011010010010,0001000001001111000111111101110011111010001000000000000001011001
"[0.5107038617134094, 0.46757563948631287, 0.48902854323387146, 0.5112708806991577, 0.40452316403388977, 0.4896949827671051, 0.6192696690559387, 0.5096196532249451, 0.5670952796936035, 0.4330362379550934, 0.42293038964271545, 0.5279277563095093, 0.5263909697532654, 0.4994473159313202, 0.5010774731636047, 0.5086371302604675, 0.48905330896377563, 0.6096668243408203, 0.5251352787017822, 0.41691839694976807, 0.44488078355789185, 0.45101168751716614, 0.3798128068447113, 0.5461680293083191, 0.3381379246711731, 0.46952107548713684, 0.5179814100265503, 0.5540977120399475, 0.44922178983688354, 0.4856247007846832, 0.5399416089057922, 0.4791194796562195, 0.45461270213127136, 0.5005953311920166, 0.5711246728897095, 0.48141011595726013, 0.5461509823799133, 0.3901940584182739, 0.39551711082458496, 0.45179861783981323, 0.49937957525253296, 0.42124173045158386, 0.5445614457130432, 0.5367944836616516, 0.5242738723754883, 0.5029552578926086, 0.4306970536708832, 0.4634561240673065, 0.47089624404907227, 0.5832962393760681, 0.505942165851593, 0.5118111371994019, 0.5113081336021423, 0.4900171756744385, 0.492538720369339, 0.5336308479309082, 0.5096504092216492, 0.43759432435035706, 0.5433125495910645, 0.46545907855033875, 0.4931969940662384, 0.5065720677375793, 0.5359264612197876, 0.5058600902557373]",1001001110011011011000010011001001101000001111000111100110100111,1010101111010111011001101010000011011001010101010100111011001010
"[0.5316796898841858, 0.7310150861740112, 0.5598333477973938, 0.43013474345207214, 0.6953153014183044, 0.7933639287948608, 0.6157562732696533, 0.29950150847435, 0.39306920766830444, 0.2786397933959961, 0.6798029541969299, 0.5594117641448975, 0.4042492210865021, 0.6125497221946716, 0.3763390779495239, 0.5276091694831848, 0.4148237705230713, 0.5936181545257568, 0.34678491950035095, 0.6031653881072998, 0.6285334229469299, 0.41095829010009766, 0.36940881609916687, 0.556219220161438, 0.6108845472335815, 0.3717899024486542, 0.4209064245223999, 0.3393913805484772, 0.5374729037284851, 0.4398173987865448, 0.6454386115074158, 0.5393487215042114, 0.5631232261657715, 0.4623102843761444, 0.7223267555236816, 0.7897223830223083, 0.36282452940940857, 0.3875499963760376, 0.5263198614120483, 0.5034472346305847, 0.6001660823822021, 0.6867459416389465, 0.5160666704177856, 0.608214795589447, 0.3723888397216797, 0.702625572681427, 0.6831012964248657, 0.570785403251648, 0.4356934428215027, 0.5003345608711243, 0.4133971035480499, 0.5882584452629089, 0.21908697485923767, 0.5093253254890442, 0.7027006149291992, 0.3796612620353699, 0.657693088054657, 0.6976507306098938, 0.3881692886352539, 0.6606252789497375, 0.6117767095565796, 0.3894408941268921, 0.37623849511146545, 0.4906429052352905]",1110111000110101010110011000101110110011111101110101011011011000,1111001000110101111110011000101001110111000010111111001010000001
"[0.47257116436958313, 0.508113443851471, 0.40063318610191345, 0.4931184649467468, 0.4395945966243744, 0.7722302079200745, 0.6086487770080566, 0.3909446597099304, 0.5293341875076294, 0.387157142162323, 0.45842307806015015, 0.517192542552948, 0.508590817451477, 0.4962906837463379, 0.3921988606452942, 0.5778024792671204, 0.5531830191612244, 0.6294175982475281, 0.5005215406417847, 0.5399129986763, 0.5268425941467285, 0.40981724858283997, 0.5475677251815796, 0.40775665640830994, 0.5709630846977234, 0.4445843994617462, 0.4035015404224396, 0.43644648790359497, 0.4095383584499359, 0.4192286729812622, 0.5586093068122864, 0.4773540198802948, 0.394114226102829, 0.43749839067459106, 0.5681732296943665, 0.6345632076263428, 0.6506698131561279, 0.3996119499206543, 0.46024200320243835, 0.3678969442844391, 0.47195369005203247, 0.5420188307762146, 0.5969445705413818, 0.4595067501068115, 0.5363641977310181, 0.6340326070785522, 0.4741111993789673, 0.5242931246757507, 0.39452773332595825, 0.5589970946311951, 0.44144538044929504, 0.305610716342926, 0.32733434438705444, 0.672097384929657, 0.5287556648254395, 0.513325572013855, 0.6341665387153625, 0.47170397639274597, 0.4021607041358948, 0.5176784992218018, 0.4295797348022461, 0.39738452434539795, 0.47952866554260254, 0.42059341073036194]",0100011010011001111110101000001000111000011011010100011110010000,0011111100011001000011111010000011011101100001101100111101100100
"[0.5015701651573181, 0.5297123789787292, 0.38547733426094055, 0.44937947392463684, 0.45180410146713257, 0.6161707043647766, 0.6527281403541565, 0.4259878098964691, 0.43744900822639465, 0.4604058265686035, 0.5664194226264954, 0.5515248775482178, 0.49808913469314575, 0.47230765223503113, 0.5146856307983398, 0.5360826849937439, 0.518428385257721, 0.5759931802749634, 0.5101525783538818, 0.4765540659427643, 0.5526363253593445, 0.5343040227890015, 0.33699551224708557, 0.5248972177505493, 0.45420119166374207, 0.44254958629608154, 0.4402956962585449, 0.4244239628314972, 0.42378273606300354, 0.45168474316596985, 0.5215039253234863, 0.44949737191200256, 0.36876434087753296, 0.44190117716789246, 0.5357183814048767, 0.5183107852935791, 0.5537509322166443, 0.3558443486690521, 0.36556485295295715, 0.43781083822250366, 0.4471830725669861, 0.40185049176216125, 0.6666650772094727, 0.47183218598365784, 0.5241253972053528, 0.6899318099021912, 0.36792081594467163, 0.4628070890903473, 0.35203817486763, 0.5855786800384521, 0.5030325055122375, 0.4572768211364746, 0.22905217111110687, 0.5712308287620544, 0.4794783592224121, 0.5501243472099304, 0.5971360802650452, 0.5421735644340515, 0.5583116412162781, 0.49706652760505676, 0.44058045744895935, 0.5321505665779114, 0.4800906181335449, 0.46686771512031555]",1100011000110011111011010000001000111000001011000110010111100100,1100111100001111011001010011100111010010101011011000010100011011
"[0.4315416216850281, 0.4698139429092407, 0.3919096887111664, 0.5377213358879089, 0.38645580410957336, 0.5351710915565491, 0.3352630138397217, 0.5430504679679871, 0.47400757670402527, 0.5183016061782837, 0.42770346999168396, 0.510859489440918, 0.5115889310836792, 0.509976863861084, 0.46398594975471497, 0.5194418430328369, 0.5561656951904297, 0.506074845790863, 0.46377018094062805, 0.5306152701377869, 0.4618297815322876, 0.45694664120674133, 0.6962170004844666, 0.38548150658607483, 0.6679276823997498, 0.6250609755516052, 0.5543261766433716, 0.41758859157562256, 0.5425172448158264, 0.37822604179382324, 0.42956045269966125, 0.49666333198547363, 0.4014131724834442, 0.5230515003204346, 0.44434481859207153, 0.37513044476509094, 0.59855055809021, 0.6110342144966125, 0.5302263498306274, 0.45353612303733826, 0.4655071198940277, 0.49217772483825684, 0.542296290397644, 0.38149556517601013, 0.4598052501678467, 0.3903177082538605, 0.4958193004131317, 0.5593258142471313, 0.4651341140270233, 0.40278205275535583, 0.5139899253845215, 0.39833059906959534, 0.481477826833725, 0.6759721040725708, 0.5304999351501465, 0.4569759666919708, 0.5878955721855164, 0.4275624752044678, 0.4667569398880005, 0.5583367943763733, 0.3941898047924042, 0.5016659498214722, 0.5076450109481812, 0.48474806547164917]",0001010101011101110100101110100001001110001000010010011010010110,0111110011000100100100000100101001001000011100110010011010000000
"[0.5402993559837341, 0.5950706005096436, 0.5299000144004822, 0.5037428140640259, 0.591441810131073, 0.8309829235076904, 0.6321046948432922, 0.350414901971817, 0.5715851783752441, 0.3074812889099121, 0.5208427309989929, 0.5125346779823303, 0.4806760847568512, 0.5494654178619385, 0.3560790419578552, 0.600236713886261, 0.487266480922699, 0.5823137164115906, 0.47530269622802734, 0.5672334432601929, 0.5898877382278442, 0.3121044337749481, 0.5871186256408691, 0.4507315456867218, 0.5124732255935669, 0.30618685483932495, 0.3561854064464569, 0.41814911365509033, 0.46355950832366943, 0.5002829432487488, 0.6077646017074585, 0.5408332347869873, 0.5915324687957764, 0.468993604183197, 0.6776928901672363, 0.8225584030151367, 0.5286537408828735, 0.43632906675338745, 0.5178592801094055, 0.4161244034767151, 0.5205705165863037, 0.7279416918754578, 0.42646142840385437, 0.5411285161972046, 0.4700472056865692, 0.6144835352897644, 0.6672931909561157, 0.5027509927749634, 0.5234568119049072, 0.5469533801078796, 0.40677374601364136, 0.3816617727279663, 0.40689900517463684, 0.5863566994667053, 0.5738534331321716, 0.4474963843822479, 0.5116099715232849, 0.474989652633667, 0.3559510111808777, 0.5560535788536072, 0.6016585826873779, 0.34483766555786133, 0.4286702573299408, 0.47076085209846497]",1111111010110101010110101000011110111010110101111100011010011000,1111101001011001011100101000011101010010100111010100111000111100
"[0.5122107267379761, 0.4706061780452728, 0.5107539892196655, 0.5192157030105591, 0.4103320240974426, 0.45894673466682434, 0.6092367172241211, 0.5210890173912048, 0.5809031128883362, 0.43470993638038635, 0.4108229875564575, 0.5222607254981995, 0.5185753703117371, 0.5075600743293762, 0.5012770891189575, 0.5084333419799805, 0.47754788398742676, 0.6043213605880737, 0.5226431488990784, 0.42333319783210754, 0.42748916149139404, 0.4525774419307709, 0.37843453884124756, 0.5502249598503113, 0.3271292746067047, 0.4678771197795868, 0.5275552868843079, 0.5758744478225708, 0.46258750557899475, 0.4967659115791321, 0.5408720970153809, 0.4910334348678589, 0.4789721369743347, 0.514680027961731, 0.5706509351730347, 0.47153109312057495, 0.523606538772583, 0.4020994305610657, 0.40932467579841614, 0.4645884931087494, 0.5109400749206543, 0.42749813199043274, 0.5192146897315979, 0.5469593405723572, 0.52054762840271, 0.4740559756755829, 0.45177388191223145, 0.4652959108352661, 0.4964093863964081, 0.574664831161499, 0.5063087344169617, 0.5355519652366638, 0.5691588521003723, 0.469305157661438, 0.5048801898956299, 0.5310532450675964, 0.4962415397167206, 0.44127631187438965, 0.5410393476486206, 0.46259093284606934, 0.5131645798683167, 0.5064487457275391, 0.5397729277610779, 0.5209583640098572]",1011001110011111011000010011001001101000101110000111101100101111,1001001110001100111100011000101100010100110110001011010010110011
"[0.49646803736686707, 0.529945969581604, 0.4115128219127655, 0.552933931350708, 0.3611123859882355, 0.4600038528442383, 0.4130822420120239, 0.4657958149909973, 0.46020251512527466, 0.505221962928772, 0.42000842094421387, 0.5029135942459106, 0.5031712055206299, 0.49887815117836, 0.4681779146194458, 0.5244816541671753, 0.4883790612220764, 0.5091348886489868, 0.3657287061214447, 0.5389458537101746, 0.43741288781166077, 0.4688969552516937, 0.5786400437355042, 0.45649978518486023, 0.6399970650672913, 0.6075458526611328, 0.6396157741546631, 0.44294556975364685, 0.5535556077957153, 0.37115737795829773, 0.42115941643714905, 0.5173346996307373, 0.4712851643562317, 0.5392260551452637, 0.5162273645401001, 0.33395659923553467, 0.5143346190452576, 0.5917503237724304, 0.5249390006065369, 0.44242799282073975, 0.5551105737686157, 0.5132837295532227, 0.4734925925731659, 0.42647257447242737, 0.4414670169353485, 0.34733468294143677, 0.5432385802268982, 0.5565788745880127, 0.48767608404159546, 0.39587727189064026, 0.47091105580329895, 0.4247371554374695, 0.6050854325294495, 0.6331073641777039, 0.572580099105835, 0.4942825734615326, 0.6413024663925171, 0.43376845121383667, 0.49355548620224, 0.582910418510437, 0.47401192784309387, 0.45808839797973633, 0.5011698603630066, 0.5486692190170288]",0101000001011001010100101110100101101110110000110000111010010011,0000000101010001010000010000101101100111000000010011010111010011
"[0.48726731538772583, 0.5885924696922302, 0.3708810806274414, 0.45105689764022827, 0.5056211948394775, 0.6531060934066772, 0.6410315632820129, 0.37000539898872375, 0.3886600434780121, 0.43016326427459717, 0.6015429496765137, 0.573647677898407, 0.452492892742157, 0.5093568563461304, 0.49013686180114746, 0.5526092648506165, 0.4947762191295624, 0.578324556350708, 0.45894932746887207, 0.5468860864639282, 0.5683451294898987, 0.5612489581108093, 0.32841795682907104, 0.5197881460189819, 0.5682365298271179, 0.46806225180625916, 0.4321450889110565, 0.37803834676742554, 0.4597385823726654, 0.4315309524536133, 0.5521667003631592, 0.4694697856903076, 0.35784608125686646, 0.4312269687652588, 0.5416660904884338, 0.5196428298950195, 0.5085290670394897, 0.3637565076351166, 0.4251250922679901, 0.43823540210723877, 0.4863665997982025, 0.4297366142272949, 0.666259229183197, 0.46644529700279236, 0.4986060559749603, 0.7176177501678467, 0.4251260757446289, 0.5128049850463867, 0.33073708415031433, 0.5586718320846558, 0.4946244955062866, 0.47385233640670776, 0.2036493420600891, 0.5846678018569946, 0.5414037108421326, 0.5289871096611023, 0.6812283992767334, 0.6367529034614563, 0.5088644623756409, 0.5387023687362671, 0.44530510902404785, 0.5190513730049133, 0.4444161057472229, 0.4545747637748718]",0100111000110101010111011000001000111000001001010100011111110100,0101100101100000110011111111001000111010111100101101000001010101
"[0.45631447434425354, 0.4927805960178375, 0.38362935185432434, 0.5195488333702087, 0.3821498155593872, 0.6535162925720215, 0.5060418844223022, 0.43827590346336365, 0.497503399848938, 0.43908968567848206, 0.4302171468734741, 0.5311134457588196, 0.5207055807113647, 0.49045082926750183, 0.43145129084587097, 0.5534982681274414, 0.5427213311195374, 0.5934938788414001, 0.4647267162799835, 0.5092254877090454, 0.48637664318084717, 0.442717045545578, 0.5718032717704773, 0.41789931058883667, 0.6209949851036072, 0.5521194338798523, 0.5014695525169373, 0.43530288338661194, 0.45417821407318115, 0.3772572875022888, 0.49230897426605225, 0.47294315695762634, 0.38083332777023315, 0.4745800197124481, 0.515045702457428, 0.47620585560798645, 0.6275324821472168, 0.47413164377212524, 0.4739115536212921, 0.39194411039352417, 0.4842676520347595, 0.48775234818458557, 0.5855674147605896, 0.43104517459869385, 0.5012253522872925, 0.5227917432785034, 0.4606567323207855, 0.5459316372871399, 0.406551331281662, 0.499165803194046, 0.4808826744556427, 0.3414836525917053, 0.3999684453010559, 0.6699680089950562, 0.5354596972465515, 0.503548264503479, 0.6553195714950562, 0.44213569164276123, 0.44933509826660156, 0.5250853896141052, 0.3972971439361572, 0.4372257888317108, 0.49571409821510315, 0.4505790174007416]",0001011000011001110100101110000000101000001011010000011110010000,1010100000111001100011110110111000100110001000111101011100001100
"[0.5018095374107361, 0.4917142689228058, 0.40705108642578125, 0.4931515157222748, 0.39968788623809814, 0.6050553917884827, 0.6493015289306641, 0.43854179978370667, 0.514098048210144, 0.4221961200237274, 0.47463715076446533, 0.5443888902664185, 0.5181267261505127, 0.48179101943969727, 0.4917551279067993, 0.5393815040588379, 0.5136622190475464, 0.6128771901130676, 0.5092251896858215, 0.44313541054725647, 0.501907467842102, 0.47114408016204834, 0.3806683123111725, 0.5177305936813354, 0.42776140570640564, 0.463304340839386, 0.47182193398475647, 0.46878811717033386, 0.4192380905151367, 0.4457809031009674, 0.5308359861373901, 0.4563298225402832, 0.38067156076431274, 0.459459513425827, 0.5605823397636414, 0.5102155208587646, 0.5904917120933533, 0.3651788830757141, 0.374946653842926, 0.4090237021446228, 0.4753482937812805, 0.4153382480144501, 0.6207141876220703, 0.4835512340068817, 0.5293834209442139, 0.6154356598854065, 0.388583779335022, 0.47045642137527466, 0.38580814003944397, 0.5891234874725342, 0.49289432168006897, 0.4295094907283783, 0.3398052453994751, 0.5751854181289673, 0.48200976848602295, 0.5449725985527039, 0.587685763835907, 0.4696105420589447, 0.5296363830566406, 0.48127689957618713, 0.4401240646839142, 0.4964327812194824, 0.507245659828186, 0.4699231684207916]",1000011010011001111010010000001000111000001011000100010110100010,1101011010011111101101010011001001010101110100001110011101010110
"[0.5535462498664856, 0.5380334258079529, 0.5522903203964233, 0.6127020716667175, 0.3931674659252167, 0.34952598810195923, 0.5662774443626404, 0.4354899525642395, 0.6583893895149231, 0.4582168161869049, 0.30244019627571106, 0.4789332151412964, 0.3885875940322876, 0.5553094148635864, 0.4657592475414276, 0.5795775055885315, 0.3785158395767212, 0.5592598915100098, 0.3881721496582031, 0.5819448232650757, 0.3377692699432373, 0.49323078989982605, 0.4093676805496216, 0.509598433971405, 0.44853925704956055, 0.5003677010536194, 0.6526081562042236, 0.6598331928253174, 0.571703314781189, 0.5197651982307434, 0.47608131170272827, 0.5848785042762756, 0.574084460735321, 0.5971788167953491, 0.5490220189094543, 0.35138171911239624, 0.3695864975452423, 0.5534515976905823, 0.5133224129676819, 0.4454527795314789, 0.6361098289489746, 0.5002407431602478, 0.33628717064857483, 0.5307222008705139, 0.5051402449607849, 0.3568039536476135, 0.6230840682983398, 0.5809561610221863, 0.5927128195762634, 0.4343988299369812, 0.420331209897995, 0.5585861206054688, 0.880774199962616, 0.46408143639564514, 0.6529554128646851, 0.549586832523346, 0.5650547742843628, 0.529984176158905, 0.45262959599494934, 0.4854433238506317, 0.6307262182235718, 0.44388946890830994, 0.5487231016159058, 0.6638057231903076]",1111001010000101010100010111110111100110110110111001101111001011,0111111011100100111011011110011011100110110000011001111000101001
"[0.5088644623756409, 0.4550676643848419, 0.5420226454734802, 0.5130603313446045, 0.4092629551887512, 0.41573888063430786, 0.6060452461242676, 0.5511474609375, 0.59983891248703, 0.4459214210510254, 0.3975042998790741, 0.5072329640388489, 0.5235204100608826, 0.5127447843551636, 0.5127487778663635, 0.48954465985298157, 0.47827690839767456, 0.6010683178901672, 0.538704514503479, 0.4092308580875397, 0.4039921164512634, 0.4511438310146332, 0.3652569055557251, 0.5587368011474609, 0.28159618377685547, 0.46143674850463867, 0.5376824736595154, 0.607187032699585, 0.4775741994380951, 0.5191763043403625, 0.5497420430183411, 0.4911828935146332, 0.5024288296699524, 0.5287906527519226, 0.5767291188240051, 0.4680958390235901, 0.5091045498847961, 0.401785284280777, 0.3968684673309326, 0.4868943989276886, 0.5115413665771484, 0.42598381638526917, 0.501840353012085, 0.5713826417922974, 0.5253555774688721, 0.4423688054084778, 0.44880980253219604, 0.4591168761253357, 0.5179426074028015, 0.5747160911560059, 0.5151853561401367, 0.5756410956382751, 0.6101038455963135, 0.4393356442451477, 0.49554571509361267, 0.5280495882034302, 0.45749759674072266, 0.43703168630599976, 0.5469805598258972, 0.452517032623291, 0.5274327397346497, 0.5109770894050598, 0.5490488409996033, 0.5337221622467041]",1011001110011110011000010011011011101000101110001111100100101111,1001001101101011001000011010011011010110010010000101110110110101
"[0.495985209941864, 0.5257084369659424, 0.4078314006328583, 0.5652498006820679, 0.3417723774909973, 0.408139705657959, 0.35800644755363464, 0.479693740606308, 0.449379563331604, 0.5404571294784546, 0.4151915907859802, 0.4838002026081085, 0.49594053626060486, 0.5068399906158447, 0.48453453183174133, 0.5039060115814209, 0.4888305068016052, 0.4699300229549408, 0.3386906683444977, 0.5579630732536316, 0.41871580481529236, 0.47587302327156067, 0.6257708072662354, 0.44329604506492615, 0.6687999367713928, 0.6425403356552124, 0.6826882362365723, 0.4272403419017792, 0.599716067314148, 0.36775049567222595, 0.3913402557373047, 0.5288643836975098, 0.48597651720046997, 0.5618865489959717, 0.5005043745040894, 0.2866206169128418, 0.4976460337638855, 0.6490493416786194, 0.5406700968742371, 0.4574156701564789, 0.5668198466300964, 0.5315200686454773, 0.4404596984386444, 0.40544411540031433, 0.424560546875, 0.2872437834739685, 0.562206506729126, 0.5729285478591919, 0.5063915848731995, 0.34146279096603394, 0.4697503447532654, 0.44138777256011963, 0.6574240326881409, 0.6509476900100708, 0.5749992728233337, 0.48060673475265503, 0.6289621591567993, 0.4309579133987427, 0.49287283420562744, 0.6102139353752136, 0.4797555208206177, 0.46211734414100647, 0.5016570687294006, 0.5717402696609497]",0101000001000101000100101110100101100110110000111000111010010011,0100001000001011000111011101100001101110010000010100110101011000
"[0.487840473651886, 0.6060575246810913, 0.37137874960899353, 0.4370494484901428, 0.5320216417312622, 0.6398600935935974, 0.6296997666358948, 0.38036248087882996, 0.35993900895118713, 0.4490925073623657, 0.6296908259391785, 0.5782667398452759, 0.444583922624588, 0.5092625021934509, 0.5031228065490723, 0.5460012555122375, 0.4887537658214569, 0.5586141347885132, 0.4572523832321167, 0.5607165098190308, 0.57761150598526, 0.5858813524246216, 0.31309711933135986, 0.527236819267273, 0.568628191947937, 0.4631776213645935, 0.4271937906742096, 0.37319493293762207, 0.47378018498420715, 0.43640199303627014, 0.5477200746536255, 0.47138282656669617, 0.36301305890083313, 0.43316179513931274, 0.5325925946235657, 0.5116902589797974, 0.475047767162323, 0.36616092920303345, 0.4316503405570984, 0.46367010474205017, 0.48029524087905884, 0.42895010113716125, 0.6761979460716248, 0.4708847403526306, 0.4865558445453644, 0.7265796661376953, 0.4241943657398224, 0.5084710121154785, 0.3304269313812256, 0.5554971694946289, 0.5022364854812622, 0.5047619938850403, 0.18475055694580078, 0.5649336576461792, 0.5495508313179016, 0.5284523367881775, 0.6778907775878906, 0.663535475730896, 0.5298411250114441, 0.5415419340133667, 0.45171427726745605, 0.5402567982673645, 0.4373541474342346, 0.4635189175605774]",0100111000110111010111011000001000110000001001010111011111110100,1110011001000011110010010010110101011000111011111110000101010101
"[0.4870113134384155, 0.5524567365646362, 0.36959561705589294, 0.47155654430389404, 0.45497268438339233, 0.6790778040885925, 0.6546854972839355, 0.3671494126319885, 0.4424990117549896, 0.4118974506855011, 0.547429084777832, 0.5583099722862244, 0.4752168655395508, 0.5002566576004028, 0.46954840421676636, 0.5598646998405457, 0.5127410888671875, 0.6050618886947632, 0.46673667430877686, 0.5218407511711121, 0.550464928150177, 0.5159284472465515, 0.3677428364753723, 0.4992162883281708, 0.5519475936889648, 0.4676555097103119, 0.43632763624191284, 0.3963097929954529, 0.4322127103805542, 0.425557404756546, 0.5491815805435181, 0.46643730998039246, 0.3528376817703247, 0.432110071182251, 0.5546101927757263, 0.5365808606147766, 0.567826509475708, 0.36249351501464844, 0.40926504135131836, 0.4016647934913635, 0.48576822876930237, 0.4390765428543091, 0.6505922675132751, 0.46147358417510986, 0.5187851786613464, 0.6935630440711975, 0.41852670907974243, 0.5114747285842896, 0.3355397582054138, 0.5644733309745789, 0.4805469214916229, 0.4141412377357483, 0.24120183289051056, 0.6194014549255371, 0.5226832032203674, 0.5335018038749695, 0.6743640899658203, 0.5706940293312073, 0.4824603199958801, 0.5243351459503174, 0.4310024380683899, 0.4802645444869995, 0.4595821499824524, 0.4442470967769623]",0100011000110101110111001000001000111000001011010100011111010000,0000101011010111100100101110011111010011101001110111000110110101
"[0.500026524066925, 0.4893716871738434, 0.4197775423526764, 0.5095785856246948, 0.3890615701675415, 0.5867361426353455, 0.6290786862373352, 0.4453715682029724, 0.5279337763786316, 0.4168247878551483, 0.44629740715026855, 0.5428224205970764, 0.5206645131111145, 0.48955103754997253, 0.48209017515182495, 0.5405328273773193, 0.5064050555229187, 0.6162865161895752, 0.49716225266456604, 0.4437570869922638, 0.48123711347579956, 0.45705509185791016, 0.4025076627731323, 0.5138189792633057, 0.43699389696121216, 0.4827222228050232, 0.49299514293670654, 0.4830223619937897, 0.4297293424606323, 0.4375329911708832, 0.5299761891365051, 0.4650273621082306, 0.3944469094276428, 0.4712383449077606, 0.5645187497138977, 0.49182450771331787, 0.5850552916526794, 0.38298603892326355, 0.3955112397670746, 0.4085787236690521, 0.4921385645866394, 0.42670729756355286, 0.5948498249053955, 0.48814505338668823, 0.5205105543136597, 0.5710325241088867, 0.41134214401245117, 0.4808805286884308, 0.4074922502040863, 0.5758351683616638, 0.4916034936904907, 0.4290480315685272, 0.39885446429252625, 0.5734216570854187, 0.49670422077178955, 0.538407027721405, 0.5932176113128662, 0.45342159271240234, 0.5193598866462708, 0.4843006432056427, 0.44433775544166565, 0.4842672049999237, 0.5130906701087952, 0.47779378294944763]",1001011010011001110000010000001000101000001011000100010110100010,0111011111011010001110100011001111101001001010100000010011100011
"[0.4878234565258026, 0.5143875479698181, 0.44871392846107483, 0.5074653029441833, 0.5207195281982422, 0.8021332025527954, 0.5911226868629456, 0.42416003346443176, 0.5648446679115295, 0.3761793076992035, 0.46527352929115295, 0.5089092254638672, 0.5054589509963989, 0.5124155282974243, 0.3813655376434326, 0.5974177718162537, 0.5355674624443054, 0.5961277484893799, 0.5421739220619202, 0.5692489743232727, 0.5413119792938232, 0.357636421918869, 0.618518590927124, 0.3994625508785248, 0.5187450051307678, 0.36370232701301575, 0.3507808446884155, 0.45260360836982727, 0.43132370710372925, 0.4775310158729553, 0.5798476934432983, 0.5045328140258789, 0.48252564668655396, 0.4438217282295227, 0.5904936194419861, 0.731964111328125, 0.6207033395767212, 0.4278210699558258, 0.509105384349823, 0.3953763246536255, 0.46060246229171753, 0.6333032250404358, 0.5199974179267883, 0.4703100919723511, 0.5233306288719177, 0.6191627979278564, 0.5577498078346252, 0.49553459882736206, 0.4828053116798401, 0.5700520873069763, 0.43677136301994324, 0.32604873180389404, 0.3882473111152649, 0.6243590116500854, 0.5206572413444519, 0.5008135437965393, 0.5325003862380981, 0.45811161398887634, 0.38732120394706726, 0.5062079429626465, 0.49586448073387146, 0.39523839950561523, 0.4783974885940552, 0.4365882873535156]",0101111010011101111110101000001100111010011011100100011110010000,1001110101101011011000101011110010111000001100100011000000011001
"[0.43497130274772644, 0.45704740285873413, 0.3810679018497467, 0.5822872519493103, 0.33030790090560913, 0.36144447326660156, 0.19528672099113464, 0.5943692922592163, 0.44725140929222107, 0.6228150725364685, 0.4125286638736725, 0.45897674560546875, 0.48653337359428406, 0.5466766357421875, 0.5152744054794312, 0.4537067115306854, 0.5481188297271729, 0.38360920548439026, 0.3782599866390228, 0.5817908644676208, 0.40915319323539734, 0.4704047739505768, 0.8050625324249268, 0.3570977747440338, 0.7352696657180786, 0.7243562340736389, 0.6843928098678589, 0.3630788028240204, 0.6800781488418579, 0.37664422392845154, 0.3455246686935425, 0.5402145385742188, 0.43863579630851746, 0.5898047685623169, 0.40045982599258423, 0.23503895103931427, 0.5394842028617859, 0.7683789134025574, 0.5802700519561768, 0.4972316324710846, 0.5025576949119568, 0.540122389793396, 0.4419698119163513, 0.3199482858181, 0.4011675715446472, 0.20793145895004272, 0.5584684610366821, 0.5917580127716064, 0.5253279805183411, 0.24659141898155212, 0.5160600543022156, 0.46543988585472107, 0.6560174822807312, 0.7212052345275879, 0.5367236733436584, 0.4122646749019623, 0.5329506397247314, 0.4144465923309326, 0.47463780641555786, 0.644103467464447, 0.41205859184265137, 0.5336880087852478, 0.5039036870002747, 0.5581221580505371]",0001000101000110100100101110100101001110110000111010111010010111,0001101001100110001000101111000001001110101100001110110110110010
"[0.523439884185791, 0.5432102680206299, 0.4210997223854065, 0.5890896320343018, 0.3211436867713928, 0.3502478301525116, 0.3614424765110016, 0.4570651948451996, 0.46481621265411377, 0.5488961935043335, 0.38463014364242554, 0.46637624502182007, 0.4745005667209625, 0.5125188827514648, 0.4871128797531128, 0.509859025478363, 0.455074280500412, 0.4574413597583771, 0.2946135103702545, 0.5882510542869568, 0.3832438588142395, 0.4873642921447754, 0.6095203161239624, 0.45373544096946716, 0.6713107824325562, 0.6497176885604858, 0.7357683181762695, 0.4545707106590271, 0.6294450759887695, 0.37443751096725464, 0.37562480568885803, 0.5494562983512878, 0.5290706753730774, 0.5907483100891113, 0.5145086050033569, 0.24737374484539032, 0.4471633732318878, 0.6810190677642822, 0.552221953868866, 0.4577603340148926, 0.613901674747467, 0.5502469539642334, 0.38005122542381287, 0.41174226999282837, 0.4172784984111786, 0.24459047615528107, 0.6015670895576477, 0.5957135558128357, 0.5370976328849792, 0.30874723196029663, 0.44438454508781433, 0.4671757221221924, 0.7635083794593811, 0.6375945806503296, 0.6064954996109009, 0.4917171597480774, 0.6415449976921082, 0.44228559732437134, 0.48760509490966797, 0.622337281703949, 0.5258054137229919, 0.44293174147605896, 0.5108757615089417, 0.6220699548721313]",1101000001000101000100101110100111100110110000111000111010011011,0001111111110000010000011110000111101110010100010001111010001100
"[0.5069345831871033, 0.5287196636199951, 0.4330143630504608, 0.5514284372329712, 0.37544873356819153, 0.48717835545539856, 0.4909023940563202, 0.4529762864112854, 0.49976760149002075, 0.4655812382698059, 0.40854066610336304, 0.5179568529129028, 0.5004473924636841, 0.5013816356658936, 0.46031731367111206, 0.5423042178153992, 0.4733184576034546, 0.5524121522903442, 0.3968501687049866, 0.5186712145805359, 0.437168151140213, 0.4616087079048157, 0.5061917901039124, 0.4835728704929352, 0.5713851451873779, 0.562470555305481, 0.6027071475982666, 0.48633232712745667, 0.5141857266426086, 0.3969316780567169, 0.46281346678733826, 0.512398898601532, 0.4667953848838806, 0.526224672794342, 0.5386911034584045, 0.3791632652282715, 0.5110317468643188, 0.5253646373748779, 0.50107741355896, 0.4297385513782501, 0.5550756454467773, 0.4901815354824066, 0.48571234941482544, 0.4619590938091278, 0.4652532935142517, 0.4034842252731323, 0.5286529660224915, 0.537826657295227, 0.4806652367115021, 0.45636194944381714, 0.46830108761787415, 0.43354541063308716, 0.6042515635490417, 0.5931083559989929, 0.5749827027320862, 0.5137821435928345, 0.6334790587425232, 0.444029301404953, 0.49412500858306885, 0.5443719029426575, 0.4873288571834564, 0.4563332498073578, 0.5076183676719666, 0.5414638519287109]",1101000000011101010100101110100101101110100000110000111110010011,1000011111101110011101001111010001100001111010010110111010010111
"[0.4921553134918213, 0.5319635272026062, 0.3717711567878723, 0.4748561978340149, 0.4374702274799347, 0.649924099445343, 0.6559712290763855, 0.39664503931999207, 0.4561397135257721, 0.424271821975708, 0.5358665585517883, 0.5577994585037231, 0.49069759249687195, 0.4863545894622803, 0.49067187309265137, 0.5557847023010254, 0.5138435959815979, 0.5992534756660461, 0.49011144042015076, 0.4919796884059906, 0.541558563709259, 0.5121585726737976, 0.361892968416214, 0.5073081254959106, 0.5042062401771545, 0.46226879954338074, 0.44132766127586365, 0.4142340123653412, 0.42491060495376587, 0.43564000725746155, 0.5365246534347534, 0.4578368067741394, 0.35499677062034607, 0.4370625913143158, 0.5463756322860718, 0.5203838348388672, 0.5761939883232117, 0.35964688658714294, 0.3885153830051422, 0.4082599878311157, 0.4703035056591034, 0.4142310619354248, 0.6528334617614746, 0.46117910742759705, 0.5252355933189392, 0.6829781532287598, 0.3916958272457123, 0.4882756471633911, 0.34495508670806885, 0.5789037942886353, 0.4936118721961975, 0.4238876700401306, 0.2522760033607483, 0.6018816828727722, 0.4991949796676636, 0.5436246991157532, 0.6400864124298096, 0.5411410927772522, 0.51346355676651, 0.5036104321479797, 0.4295975863933563, 0.5013611316680908, 0.47635355591773987, 0.4533846974372864]",0100011000110001110011011000001000111000001011000100010111110100,1011101001111011110111011011000110000100010000100101011000010001
"[0.4910000264644623, 0.5455324649810791, 0.417529433965683, 0.4796392321586609, 0.4636150896549225, 0.7661020755767822, 0.6488587856292725, 0.35023733973503113, 0.5042208433151245, 0.3700460195541382, 0.5052762031555176, 0.5241594910621643, 0.4896700382232666, 0.5101285576820374, 0.39909303188323975, 0.5647412538528442, 0.530732274055481, 0.6313831806182861, 0.4609545171260834, 0.5393482446670532, 0.5523805618286133, 0.42766815423965454, 0.4770132005214691, 0.44976329803466797, 0.5681222677230835, 0.43365368247032166, 0.4150906801223755, 0.4103594720363617, 0.41777709126472473, 0.42519035935401917, 0.5728482007980347, 0.4837009608745575, 0.40480074286460876, 0.4366357624530792, 0.5972686409950256, 0.6458411812782288, 0.6099978685379028, 0.37874308228492737, 0.44653812050819397, 0.37552544474601746, 0.4965165853500366, 0.5471933484077454, 0.591433048248291, 0.4871757924556732, 0.5244386196136475, 0.6598756909370422, 0.4874034821987152, 0.5277707576751709, 0.3762966990470886, 0.5566155314445496, 0.4343023896217346, 0.3422112464904785, 0.29428359866142273, 0.6575415134429932, 0.5459142327308655, 0.5049129724502563, 0.6531697511672974, 0.5149948596954346, 0.40674862265586853, 0.5467190146446228, 0.45496606826782227, 0.3962533175945282, 0.45870691537857056, 0.4274892508983612]",0100011010110101110110001000001000111000011011010100011111010000,0001111100011111011111001100010000111001000001001011111111000001
"[0.5024356245994568, 0.5182976126670837, 0.4340510666370392, 0.5460591316223145, 0.37705039978027344, 0.5128777623176575, 0.5232434272766113, 0.45361021161079407, 0.5144253969192505, 0.44809821248054504, 0.40694665908813477, 0.5251609086990356, 0.5078678727149963, 0.5004651546478271, 0.46038100123405457, 0.5445237755775452, 0.4794809818267822, 0.5742481350898743, 0.4229092001914978, 0.4974702000617981, 0.4423651397228241, 0.4531451165676117, 0.4851178824901581, 0.4907526671886444, 0.5373259782791138, 0.545171320438385, 0.5762267112731934, 0.49246492981910706, 0.49128150939941406, 0.4039200246334076, 0.48447874188423157, 0.5016308426856995, 0.45015713572502136, 0.5147846937179565, 0.5473355054855347, 0.40643197298049927, 0.5303618907928467, 0.48864227533340454, 0.4795560836791992, 0.4224655330181122, 0.5415378212928772, 0.474677175283432, 0.5102078318595886, 0.4727787673473358, 0.47878652811050415, 0.4342684745788574, 0.5048964619636536, 0.5248819589614868, 0.4660835862159729, 0.48928138613700867, 0.47529152035713196, 0.4309679865837097, 0.5688260197639465, 0.5865234136581421, 0.5603924989700317, 0.518223762512207, 0.6256921291351318, 0.43949994444847107, 0.4970283508300781, 0.526015043258667, 0.47528451681137085, 0.459202378988266, 0.5099462270736694, 0.5243766903877258]",1101011010011101010000001110000101101000101000110000111110010011,0000001100000110101101110000111000111101010000011000100011100110
"[0.44852831959724426, 0.805222749710083, 0.36334654688835144, 0.2133532613515854, 0.7960688471794128, 0.5727506279945374, 0.42979148030281067, 0.52094966173172, 0.08309634774923325, 0.7476324439048767, 0.8691801428794861, 0.6078826785087585, 0.391767680644989, 0.4041600227355957, 0.6340230703353882, 0.4633307158946991, 0.4896628260612488, 0.29627853631973267, 0.4349465072154999, 0.7021501064300537, 0.6484416127204895, 0.8142034411430359, 0.1949310451745987, 0.5971689820289612, 0.6055405139923096, 0.3767731487751007, 0.3524814248085022, 0.3565809726715088, 0.6176519393920898, 0.40167906880378723, 0.4545806646347046, 0.4272673428058624, 0.44514262676239014, 0.46830281615257263, 0.44847866892814636, 0.4251220226287842, 0.13358043134212494, 0.37488123774528503, 0.4667457342147827, 0.7735778093338013, 0.34002888202667236, 0.5045205950737, 0.8237550854682922, 0.5756533145904541, 0.3216908574104309, 0.7705804109573364, 0.37196043133735657, 0.47638314962387085, 0.2894802391529083, 0.5502029657363892, 0.5578047037124634, 0.757138729095459, 0.033337339758872986, 0.3694058358669281, 0.6643070578575134, 0.5552477240562439, 0.7042461037635803, 0.8566626906394958, 0.7803528904914856, 0.536164402961731, 0.45025262236595154, 0.7246967554092407, 0.3295418918132782, 0.564984142780304]",0100110101110010000111011000100000000001011101000111001111110101,1100101101111101101111010100101101100111010100000011011111100001
"[0.46680131554603577, 0.7400703430175781, 0.38099876046180725, 0.2701077461242676, 0.7251964807510376, 0.5653641819953918, 0.47648143768310547, 0.49996834993362427, 0.14127933979034424, 0.6907534599304199, 0.8135845065116882, 0.5874722003936768, 0.41810551285743713, 0.4284270703792572, 0.6028389930725098, 0.47681042551994324, 0.5012447834014893, 0.35214224457740784, 0.45673689246177673, 0.6552014946937561, 0.6271178722381592, 0.7592708468437195, 0.2412121593952179, 0.5718961954116821, 0.5751946568489075, 0.39805248379707336, 0.38268059492111206, 0.3782019317150116, 0.5784653425216675, 0.4265650510787964, 0.461661696434021, 0.4409843981266022, 0.4362882673740387, 0.4669077396392822, 0.4582705795764923, 0.4473263919353485, 0.20910966396331787, 0.3918827772140503, 0.4549084007740021, 0.7005656361579895, 0.3735187351703644, 0.4824795126914978, 0.7743290662765503, 0.5428043007850647, 0.3720347285270691, 0.7416588664054871, 0.3848420977592468, 0.4724375009536743, 0.32104042172431946, 0.542762041091919, 0.5400936603546143, 0.6880604028701782, 0.06550511717796326, 0.41795477271080017, 0.610995352268219, 0.5495947003364563, 0.6577150225639343, 0.7961364388465881, 0.7242251038551331, 0.5306223630905151, 0.4581998884677887, 0.678120493888855, 0.3663991689682007, 0.5439513921737671]",0100110001110010100111011000100000000001001101000111001111110101,0110010101100000010101111111010001010111011101001101001010010001
"[0.5262113213539124, 0.5167446136474609, 0.478180855512619, 0.34065017104148865, 0.5080428123474121, 0.4961146414279938, 0.5742238163948059, 0.5482420921325684, 0.3594469726085663, 0.6348641514778137, 0.6469942927360535, 0.4864177107810974, 0.5451564788818359, 0.40599551796913147, 0.5627286434173584, 0.42311128973960876, 0.5644196271896362, 0.460334837436676, 0.5560347437858582, 0.4409372806549072, 0.5854723453521729, 0.6020414233207703, 0.3351634740829468, 0.5624454021453857, 0.34178265929222107, 0.40810832381248474, 0.4760776460170746, 0.4915139675140381, 0.4242708086967468, 0.4877947270870209, 0.4231283664703369, 0.41802549362182617, 0.4584581255912781, 0.47408702969551086, 0.5025128722190857, 0.5147799253463745, 0.4609454572200775, 0.3872266113758087, 0.3125452697277069, 0.5514216423034668, 0.3693574368953705, 0.41831040382385254, 0.6854850053787231, 0.5280129313468933, 0.49958983063697815, 0.6467908024787903, 0.30672040581703186, 0.39886781573295593, 0.4106213450431824, 0.5680120587348938, 0.5089825987815857, 0.5249530673027039, 0.19079449772834778, 0.4862273931503296, 0.4288439452648163, 0.5603025555610657, 0.43166983127593994, 0.498845636844635, 0.6989925503730774, 0.4832324981689453, 0.44806206226348877, 0.5787538886070251, 0.4689106047153473, 0.5213136672973633]",1100101101101010101011010000000000110001001101000111000100100101,0110001101010111110011001010000011110111101010001010010000101010
"[0.5099217891693115, 0.4585990607738495, 0.5220151543617249, 0.5096972584724426, 0.40983065962791443, 0.4419141113758087, 0.6098800897598267, 0.5401897430419922, 0.5848760604858398, 0.44300466775894165, 0.4116463363170624, 0.5156305432319641, 0.5270658731460571, 0.5059881210327148, 0.5100357532501221, 0.49378958344459534, 0.4830559194087982, 0.6021997332572937, 0.5363441109657288, 0.4098297953605652, 0.4221976101398468, 0.45125678181648254, 0.37184736132621765, 0.555672287940979, 0.29817694425582886, 0.4627794623374939, 0.5292367339134216, 0.5859172940254211, 0.4647534191608429, 0.5080216526985168, 0.5443726778030396, 0.48593682050704956, 0.4859563708305359, 0.5171763300895691, 0.5727474093437195, 0.47446125745773315, 0.5246472954750061, 0.39630916714668274, 0.39570122957229614, 0.4755309820175171, 0.5037955045700073, 0.4220534563064575, 0.5201210975646973, 0.5579515099525452, 0.5242304801940918, 0.46659988164901733, 0.4395711123943329, 0.45683911442756653, 0.5012239813804626, 0.5800014138221741, 0.5131642818450928, 0.5532768368721008, 0.5668027400970459, 0.45602941513061523, 0.49098899960517883, 0.5295357704162598, 0.47106999158859253, 0.4345053434371948, 0.5501326322555542, 0.45757564902305603, 0.5147606730461121, 0.5137174129486084, 0.543912947177887, 0.522710382938385]",1011001110011110011000010011011001101000101110001111100100101111,1100001010110111011101011100001110001001010011101001100100011110
"[0.4613935053348541, 0.49403199553489685, 0.3838164210319519, 0.5064563751220703, 0.4007289409637451, 0.7163789868354797, 0.5604240894317627, 0.41461384296417236, 0.5144843459129333, 0.41336068511009216, 0.4366271197795868, 0.5283538699150085, 0.5174522995948792, 0.489750474691391, 0.4136520028114319, 0.5675743222236633, 0.5527778267860413, 0.6207079887390137, 0.488908052444458, 0.5184853076934814, 0.5027875304222107, 0.4326363205909729, 0.5561204552650452, 0.408656507730484, 0.5977318286895752, 0.5076544880867004, 0.4503624141216278, 0.4400467574596405, 0.4233211576938629, 0.39426302909851074, 0.5239037275314331, 0.47054505348205566, 0.37275171279907227, 0.45467135310173035, 0.5343850255012512, 0.5461839437484741, 0.6522426605224609, 0.42839598655700684, 0.4598548710346222, 0.37523210048675537, 0.4752673804759979, 0.4986473023891449, 0.6067909598350525, 0.441390722990036, 0.5258107781410217, 0.5862711668014526, 0.45146140456199646, 0.5378112196922302, 0.3889905512332916, 0.5348252654075623, 0.4641834795475006, 0.31690528988838196, 0.35354864597320557, 0.6757380962371826, 0.5292163491249084, 0.5143640041351318, 0.6527830362319946, 0.45492300391197205, 0.4246183931827545, 0.5129177570343018, 0.3991301655769348, 0.41650909185409546, 0.4904840886592865, 0.42883145809173584]",0001011010011001110110101100001000111000001011010100011110010000,1000110101010100010010110011000101001101011101110001011101101101
"[0.47483542561531067, 0.5080180764198303, 0.3824705183506012, 0.5008022785186768, 0.40080416202545166, 0.7205264568328857, 0.6064445376396179, 0.38725295662879944, 0.5099585056304932, 0.4007810950279236, 0.4534669518470764, 0.5313715934753418, 0.5118442177772522, 0.49012482166290283, 0.4195776581764221, 0.5680273175239563, 0.5423908829689026, 0.6295448541641235, 0.4747924208641052, 0.512851893901825, 0.512766420841217, 0.43991291522979736, 0.5012913942337036, 0.4327927827835083, 0.5774635672569275, 0.4896546006202698, 0.4499873220920563, 0.43195271492004395, 0.41479727625846863, 0.3994072377681732, 0.5355204343795776, 0.4695279002189636, 0.3699319660663605, 0.44832757115364075, 0.5548436045646667, 0.5573937296867371, 0.6406168937683105, 0.3990040123462677, 0.4379045367240906, 0.3682618737220764, 0.4877986013889313, 0.492160439491272, 0.6138341426849365, 0.4541076123714447, 0.5294344425201416, 0.6141809225082397, 0.444411963224411, 0.5298863053321838, 0.37038445472717285, 0.5494877099990845, 0.4574061930179596, 0.32479122281074524, 0.3306945562362671, 0.6700941920280457, 0.5264657735824585, 0.5240427255630493, 0.6645570397377014, 0.46806612610816956, 0.4325820207595825, 0.5156839489936829, 0.40905237197875977, 0.41429683566093445, 0.4829180836677551, 0.43168702721595764]",0101011010011001110110101000001000111000001011010100011110010000,0001000011010000111110011010100000110100010101111100011011010100
"[0.4258315861225128, 0.46024057269096375, 0.3882060647010803, 0.5223914980888367, 0.4070073664188385, 0.653491735458374, 0.42488783597946167, 0.5116443634033203, 0.5095863938331604, 0.4652409553527832, 0.41812068223953247, 0.5250771045684814, 0.5169367790222168, 0.4986908733844757, 0.4289482831954956, 0.5537467002868652, 0.5691494345664978, 0.5753859877586365, 0.5235798954963684, 0.5277013182640076, 0.47841396927833557, 0.4396410584449768, 0.6598070859909058, 0.37453749775886536, 0.6319801211357117, 0.561924934387207, 0.4675293564796448, 0.45043665170669556, 0.4695175588130951, 0.3933406174182892, 0.4836154580116272, 0.4769667983055115, 0.3725516200065613, 0.47855883836746216, 0.4637197256088257, 0.47567206621170044, 0.6490446329116821, 0.5173845291137695, 0.5076229572296143, 0.4141714870929718, 0.44262510538101196, 0.48370102047920227, 0.5914164185523987, 0.3999286890029907, 0.505767285823822, 0.507590115070343, 0.46333131194114685, 0.5464461445808411, 0.4359506666660309, 0.4840961694717407, 0.4998053014278412, 0.3466472327709198, 0.4060809016227722, 0.6712101101875305, 0.527857780456543, 0.4857461750507355, 0.6047401428222656, 0.4403672218322754, 0.4350546896457672, 0.5112398862838745, 0.3782958686351776, 0.4695495069026947, 0.511215329170227, 0.44086238741874695]",0001010110011001111100101100000000001110001011010000011010010010,1111110111111011101010000111101101010111101110110000000101000111
"[0.5125336647033691, 0.48577654361724854, 0.42967769503593445, 0.4324147403240204, 0.4345741868019104, 0.5612394213676453, 0.6462724804878235, 0.4891709089279175, 0.46788275241851807, 0.49185436964035034, 0.5447463393211365, 0.5267220735549927, 0.5335410833358765, 0.4538542330265045, 0.5304256677627563, 0.4937582015991211, 0.5317288637161255, 0.5669308304786682, 0.5455042123794556, 0.4195496439933777, 0.53518146276474, 0.5144417881965637, 0.3400889039039612, 0.5435382127761841, 0.35280442237854004, 0.42755696177482605, 0.46311092376708984, 0.47782132029533386, 0.4112623929977417, 0.4766528010368347, 0.5019518733024597, 0.4364193379878998, 0.40444210171699524, 0.4618559181690216, 0.5415117144584656, 0.5224659442901611, 0.5603950023651123, 0.35532867908477783, 0.3292095959186554, 0.46003538370132446, 0.4256248474121094, 0.39559605717658997, 0.6521515250205994, 0.5000845789909363, 0.531816840171814, 0.6464576721191406, 0.3404220640659332, 0.4291081726551056, 0.38894936442375183, 0.6000775098800659, 0.5081728100776672, 0.481467604637146, 0.2614009976387024, 0.5293600559234619, 0.44231879711151123, 0.5538368821144104, 0.5065463781356812, 0.47562405467033386, 0.6026583909988403, 0.4754590690135956, 0.4503415822982788, 0.5453658103942871, 0.503595232963562, 0.48417383432388306]",1000011000111010111011010000001000111000001111000110010110100110,1001101100001111100111011100110011011011101100011101000010000011
"[0.5284137725830078, 0.5035343170166016, 0.5368301868438721, 0.5587285757064819, 0.4156959652900696, 0.4194719195365906, 0.5855549573898315, 0.48894423246383667, 0.6125152111053467, 0.43775317072868347, 0.3664954900741577, 0.5086186528205872, 0.4629615545272827, 0.5313289761543274, 0.48340141773223877, 0.5441014766693115, 0.43629875779151917, 0.5816788077354431, 0.47122490406036377, 0.49378451704978943, 0.3958875834941864, 0.46852418780326843, 0.3942854106426239, 0.5307259559631348, 0.38280898332595825, 0.4769589602947235, 0.5666488409042358, 0.6154137253761292, 0.5095334053039551, 0.5028907656669617, 0.5198965668678284, 0.536723256111145, 0.5231881141662598, 0.55031418800354, 0.5580935478210449, 0.43250033259391785, 0.452825665473938, 0.46644994616508484, 0.4676470458507538, 0.46356964111328125, 0.5656301975250244, 0.46538498997688293, 0.44216716289520264, 0.5443553328514099, 0.5111928582191467, 0.4269891381263733, 0.5357687473297119, 0.5094334483146667, 0.5424147844314575, 0.5232313275337219, 0.4740692377090454, 0.542503833770752, 0.7298711538314819, 0.4620863199234009, 0.5725268721580505, 0.5337641835212708, 0.5213103294372559, 0.48214226961135864, 0.5003677010536194, 0.47181329131126404, 0.5644713044166565, 0.4807242751121521, 0.5420408248901367, 0.578951895236969]",1111001010010101010000010011111111100000100110111101101110101011,0011100110111001101100001111111100101000000100001011100100010100
"[0.48960641026496887, 0.5399600267410278, 0.41713249683380127, 0.4821925461292267, 0.4609164893627167, 0.7707650065422058, 0.644816517829895, 0.3549231290817261, 0.5112991333007812, 0.371052622795105, 0.49740317463874817, 0.5214133262634277, 0.4931555688381195, 0.5076181888580322, 0.39580631256103516, 0.5672366619110107, 0.5345728993415833, 0.6316006779670715, 0.46733328700065613, 0.5397729277610779, 0.5497453808784485, 0.42082130908966064, 0.4913043975830078, 0.4422129988670349, 0.5668137669563293, 0.43142616748809814, 0.4114540219306946, 0.41462039947509766, 0.415184885263443, 0.4259612262248993, 0.5723352432250977, 0.4833221137523651, 0.4062497913837433, 0.4365628659725189, 0.5953927636146545, 0.6503415107727051, 0.6174752116203308, 0.38171303272247314, 0.44930365681648254, 0.37308210134506226, 0.49242982268333435, 0.5515750646591187, 0.5891084671020508, 0.48453783988952637, 0.5268943309783936, 0.655768632888794, 0.4881279766559601, 0.5260467529296875, 0.38118574023246765, 0.5581119060516357, 0.43324369192123413, 0.33348599076271057, 0.301287978887558, 0.6607517600059509, 0.5429548621177673, 0.5057368278503418, 0.6475072503089905, 0.5051764249801636, 0.4037545621395111, 0.5424613356590271, 0.45330458879470825, 0.3930607736110687, 0.46181392669677734, 0.4260142743587494]",0100011010010101110110001000001000111000011011010100011111010000,0100101010101110011101111111010000111101110101111010010010001000
"[0.49749478697776794, 0.5746641159057617, 0.3749234974384308, 0.43113237619400024, 0.5017861723899841, 0.6210677623748779, 0.6354939341545105, 0.41111478209495544, 0.3804435729980469, 0.4775716960430145, 0.6181386709213257, 0.5629388689994812, 0.46987220644950867, 0.48325487971305847, 0.5177715420722961, 0.5407707095146179, 0.5074478387832642, 0.5492269396781921, 0.4902116656303406, 0.5256536602973938, 0.5758807063102722, 0.5793941020965576, 0.31876876950263977, 0.5258540511131287, 0.509792685508728, 0.4450160264968872, 0.4256914556026459, 0.3955456018447876, 0.4496532082557678, 0.4477236568927765, 0.5230392813682556, 0.45932790637016296, 0.3676896393299103, 0.4370531737804413, 0.520141065120697, 0.5113621950149536, 0.499904066324234, 0.3643658459186554, 0.39407506585121155, 0.46289196610450745, 0.44876429438591003, 0.4114842414855957, 0.6817518472671509, 0.4683094620704651, 0.5023738145828247, 0.7172917723655701, 0.38597315549850464, 0.4768581986427307, 0.3393717408180237, 0.5683121085166931, 0.5088223814964294, 0.48750224709510803, 0.19067732989788055, 0.5638153553009033, 0.5093350410461426, 0.5434007048606873, 0.6294685006141663, 0.6132659912109375, 0.5622589588165283, 0.5169552564620972, 0.4471692144870758, 0.5500820875167847, 0.45412108302116394, 0.4710976481437683]",0100111000110011110111011000001000110000001011000110011111110100,0000100101111101001100110000010100101001111110111101011011101001
"[0.4026542007923126, 0.43076008558273315, 0.3989521861076355, 0.5463309288024902, 0.4137611985206604, 0.5505972504615784, 0.27618521451950073, 0.6129899621009827, 0.5004625916481018, 0.5378342866897583, 0.4091731905937195, 0.5091733336448669, 0.5019243955612183, 0.5292587876319885, 0.45840996503829956, 0.5210962295532227, 0.578240692615509, 0.4996182918548584, 0.5369148850440979, 0.5516246557235718, 0.4534018933773041, 0.4521525800228119, 0.7679460048675537, 0.34090209007263184, 0.6679497361183167, 0.6263949871063232, 0.50844806432724, 0.438777357339859, 0.553512692451477, 0.4046907424926758, 0.43042200803756714, 0.5020767450332642, 0.38631153106689453, 0.5224938988685608, 0.39689016342163086, 0.39253535866737366, 0.6247376799583435, 0.6412243843078613, 0.5614972114562988, 0.47118932008743286, 0.4269886910915375, 0.49080389738082886, 0.5487146377563477, 0.3513520658016205, 0.46664664149284363, 0.39099812507629395, 0.49839359521865845, 0.5602016448974609, 0.4931512773036957, 0.39235448837280273, 0.5291371941566467, 0.4068583846092224, 0.491601824760437, 0.6745567917823792, 0.5225334763526917, 0.44121259450912476, 0.5232927799224854, 0.43516188859939575, 0.4440807104110718, 0.5394468903541565, 0.372773677110672, 0.5342351794242859, 0.5233147144317627, 0.4697607457637787]",0001010111011101101100101110100101001110001000010010011010010110,1111110111011100100001111100001001010010100110110010010101001111
"[0.4056601822376251, 0.43511348962783813, 0.3983828127384186, 0.5450388193130493, 0.41079166531562805, 0.5487325191497803, 0.2822270393371582, 0.6056970357894897, 0.49731600284576416, 0.5357643961906433, 0.4114539921283722, 0.5093747973442078, 0.5032020807266235, 0.5268855690956116, 0.4591826796531677, 0.5208992958068848, 0.5759232640266418, 0.5000429749488831, 0.5287582278251648, 0.5489035248756409, 0.4544825553894043, 0.452706903219223, 0.7606237530708313, 0.3457373082637787, 0.6678241491317749, 0.6263889074325562, 0.5135605931282043, 0.4364555776119232, 0.5522986054420471, 0.40153709053993225, 0.4303395450115204, 0.5013552904129028, 0.3881889581680298, 0.5229194164276123, 0.4020141363143921, 0.39057889580726624, 0.6217820644378662, 0.6381761431694031, 0.557898223400116, 0.46960413455963135, 0.43110570311546326, 0.4909806251525879, 0.5480502247810364, 0.35491329431533813, 0.46574461460113525, 0.3907009959220886, 0.4980109632015228, 0.5599082708358765, 0.4901689291000366, 0.39351552724838257, 0.5275148153305054, 0.4060402512550354, 0.49025818705558777, 0.6746363639831543, 0.5233208537101746, 0.44281598925590515, 0.5304087996482849, 0.43416881561279297, 0.44661596417427063, 0.5416560769081116, 0.37509432435035706, 0.5307738780975342, 0.5216296315193176, 0.4713628888130188]",0001010101011101111100101110100101001110001000010010011010010110,1100010101110000000010101011100111110111011101110000110100101011
"[0.5170432925224304, 0.4257713258266449, 0.5556573867797852, 0.3440464437007904, 0.4568280279636383, 0.40573176741600037, 0.5728224515914917, 0.6204438209533691, 0.4410945773124695, 0.6371564269065857, 0.5707634091377258, 0.44732558727264404, 0.5991533994674683, 0.40720298886299133, 0.5696364641189575, 0.3530302047729492, 0.5801557302474976, 0.4977737069129944, 0.5839223265647888, 0.35384565591812134, 0.5169259905815125, 0.5435314774513245, 0.3560881018638611, 0.5913738012313843, 0.22911331057548523, 0.4267311692237854, 0.5369499325752258, 0.5706710815429688, 0.4141724109649658, 0.5172352194786072, 0.43576478958129883, 0.40473949909210205, 0.514904797077179, 0.49477362632751465, 0.547040581703186, 0.5178319215774536, 0.502948522567749, 0.37830498814582825, 0.27489060163497925, 0.5635387301445007, 0.3823680877685547, 0.4254807233810425, 0.6286673545837402, 0.5760762691497803, 0.5167553424835205, 0.5372121334075928, 0.28909069299697876, 0.3937433660030365, 0.47107642889022827, 0.5819714665412903, 0.5173822045326233, 0.5667027235031128, 0.282697468996048, 0.447397381067276, 0.3907017111778259, 0.5521181225776672, 0.3376394808292389, 0.39613810181617737, 0.7074059247970581, 0.4624246060848236, 0.44576239585876465, 0.553514838218689, 0.5047625303268433, 0.5173973441123962]",1010001101101010101011010011010010111001001111000111000100100111,1011110100111010100101011101110010011100101100011001100001101000
"[0.5273510813713074, 0.6481335759162903, 0.5142543911933899, 0.45777761936187744, 0.5974507927894592, 0.7812179923057556, 0.6482220888137817, 0.3147359788417816, 0.46333131194114685, 0.3090117275714874, 0.6038452386856079, 0.5383118987083435, 0.44537410140037537, 0.5708206295967102, 0.3863105773925781, 0.5420500040054321, 0.4633362293243408, 0.6077309250831604, 0.3986884653568268, 0.5657418966293335, 0.6013157367706299, 0.4004528522491455, 0.4227544367313385, 0.5154803395271301, 0.5658584237098694, 0.37930116057395935, 0.4133560359477997, 0.37145349383354187, 0.47987353801727295, 0.45101115107536316, 0.6176289916038513, 0.521911084651947, 0.5170438289642334, 0.45313793420791626, 0.6810939908027649, 0.7519271969795227, 0.47543641924858093, 0.38550347089767456, 0.4879061281681061, 0.4411461651325226, 0.5519077181816101, 0.6417868137359619, 0.5214470028877258, 0.562103271484375, 0.4469442069530487, 0.6732314825057983, 0.6191669702529907, 0.5389025807380676, 0.4284496009349823, 0.5295403599739075, 0.4189769923686981, 0.47411319613456726, 0.27590903639793396, 0.5702481269836426, 0.6245005130767822, 0.4375990629196167, 0.6293554306030273, 0.6055541038513184, 0.38833531737327576, 0.6169884204864502, 0.5652630925178528, 0.38102108240127563, 0.41228994727134705, 0.46028220653533936]",1110111000110101010110011000001110110000111101110100011011011000,0101101100110011100110110010100011100100110111111010001001011001
"[0.5503783226013184, 0.5332573056221008, 0.5789454579353333, 0.6197508573532104, 0.3912075161933899, 0.33310896158218384, 0.5961366295814514, 0.43980932235717773, 0.6985172033309937, 0.44640153646469116, 0.2810139060020447, 0.47277119755744934, 0.37297940254211426, 0.5675631761550903, 0.47183164954185486, 0.5810171365737915, 0.367969274520874, 0.5721510648727417, 0.4049988389015198, 0.5759211182594299, 0.31512701511383057, 0.4984285235404968, 0.3774118423461914, 0.5205534100532532, 0.39872536063194275, 0.4848780930042267, 0.6481430530548096, 0.697543740272522, 0.5753143429756165, 0.553057074546814, 0.4926217794418335, 0.589026153087616, 0.5849148631095886, 0.607242226600647, 0.5546140074729919, 0.3599005341529846, 0.351429283618927, 0.5330665111541748, 0.49644935131073, 0.4468235969543457, 0.6440606713294983, 0.49012699723243713, 0.3219565749168396, 0.5556823015213013, 0.5212364792823792, 0.3593670725822449, 0.6249105334281921, 0.5804930925369263, 0.6062430143356323, 0.4458491802215576, 0.4205470383167267, 0.58977210521698, 0.9033940434455872, 0.4371160864830017, 0.6573561429977417, 0.5547593832015991, 0.5449674129486084, 0.5469523668289185, 0.44116657972335815, 0.4613049030303955, 0.6482014060020447, 0.44125449657440186, 0.5589877367019653, 0.6725137233734131]",1111001010000101010100010011110111100100100110111001101111001011,1110101011010001011101101011110110110000101110110010110001011111
"[0.43974217772483826, 0.48065096139907837, 0.3877532184123993, 0.5290192365646362, 0.3853267431259155, 0.5966437458992004, 0.4143374562263489, 0.4926173686981201, 0.48477792739868164, 0.47983670234680176, 0.42562365531921387, 0.5222287178039551, 0.5162428021430969, 0.4963000416755676, 0.44411733746528625, 0.5393404364585876, 0.5512160062789917, 0.5524469614028931, 0.4683317244052887, 0.5192895531654358, 0.47322964668273926, 0.45046383142471313, 0.6384061574935913, 0.40054088830947876, 0.6491243839263916, 0.5909594893455505, 0.527569055557251, 0.43008026480674744, 0.49497532844543457, 0.37472015619277954, 0.4588264226913452, 0.4824305772781372, 0.3889558017253876, 0.4976685643196106, 0.4753882586956024, 0.4210055470466614, 0.6148892641067505, 0.5434193015098572, 0.5046296715736389, 0.4216756522655487, 0.4703992009162903, 0.484481543302536, 0.5677911043167114, 0.4059047996997833, 0.48225003480911255, 0.45537132024765015, 0.47684377431869507, 0.5546122789382935, 0.4357162117958069, 0.4539172053337097, 0.4994273781776428, 0.3658091425895691, 0.4391089379787445, 0.6715672612190247, 0.53465735912323, 0.48051589727401733, 0.6274929642677307, 0.4316565990447998, 0.4586434066295624, 0.5371647477149963, 0.39234644174575806, 0.46802130341529846, 0.5037092566490173, 0.4670303165912628]",0001010000011001110100101110000000001110001000010000011010010010,1100011011001010000101100110110011011010001101100000011001010101
"[0.557077944278717, 0.54079669713974, 0.5933460593223572, 0.6369782090187073, 0.381331205368042, 0.3071887493133545, 0.6044509410858154, 0.426628053188324, 0.7258543372154236, 0.4465865194797516, 0.2552422285079956, 0.46078062057495117, 0.3478924334049225, 0.5783838629722595, 0.4697965979576111, 0.5907880663871765, 0.34695571660995483, 0.572909414768219, 0.387246310710907, 0.5961418151855469, 0.28971803188323975, 0.507073700428009, 0.3672599196434021, 0.520297110080719, 0.39524757862091064, 0.4855448007583618, 0.6729932427406311, 0.7228562235832214, 0.5930985808372498, 0.5706195831298828, 0.48645663261413574, 0.6036709547042847, 0.6041850447654724, 0.6249547004699707, 0.5570594668388367, 0.33929210901260376, 0.322452187538147, 0.5488105416297913, 0.49988439679145813, 0.441204696893692, 0.6666603684425354, 0.4945623278617859, 0.2892972528934479, 0.562296986579895, 0.52669358253479, 0.33910679817199707, 0.647715151309967, 0.600382924079895, 0.6257287859916687, 0.42474257946014404, 0.4048149585723877, 0.6075218319892883, 0.932280957698822, 0.42657163739204407, 0.6803187727928162, 0.5618214011192322, 0.5501639246940613, 0.5649358630180359, 0.4245491027832031, 0.45674359798431396, 0.672522783279419, 0.42952531576156616, 0.5661762952804565, 0.698822557926178]",1111001010000101010101010011110111100100100110111001101111001011,0001110110010011010000011101111001100111110100111101101101010010
"[0.5164424777030945, 0.5869867205619812, 0.4294242262840271, 0.3305983543395996, 0.5634031295776367, 0.5352534055709839, 0.5579127073287964, 0.5061366558074951, 0.2928965389728546, 0.6427879929542542, 0.7010451555252075, 0.5157260298728943, 0.5023446679115295, 0.414682537317276, 0.5641887187957764, 0.4618242084980011, 0.5477634072303772, 0.4293946325778961, 0.5269852876663208, 0.5164096355438232, 0.609306812286377, 0.6501942276954651, 0.3153373897075653, 0.5504618883132935, 0.43688327074050903, 0.40665218234062195, 0.43898746371269226, 0.4388999044895172, 0.4616445004940033, 0.46971625089645386, 0.4315392076969147, 0.43069881200790405, 0.43662458658218384, 0.4639219045639038, 0.47878530621528625, 0.49913811683654785, 0.3983577489852905, 0.3950950801372528, 0.35659730434417725, 0.5724841356277466, 0.37337788939476013, 0.4303898513317108, 0.7101122140884399, 0.5119393467903137, 0.4731212258338928, 0.6915624141693115, 0.33408045768737793, 0.4215320646762848, 0.37466755509376526, 0.5513601303100586, 0.5147374868392944, 0.541286051273346, 0.14639334380626678, 0.49145442247390747, 0.47563859820365906, 0.5616357922554016, 0.5137205719947815, 0.5970621109008789, 0.6900301575660706, 0.501116931438446, 0.4512592554092407, 0.5983388423919678, 0.4353695511817932, 0.5224458575248718]",1100111101111010101111010000000000000001001101000111000111110101,1001111101111101001001011111000100000100001001001011000000001110
